# 0ALLORBITS=s
# 1ALLORBITS=py
# 2ALLORBITS=pz
# 3ALLORBITS=px
# 4ALLORBITS=dxy
# 5ALLORBITS=dyz
# 6ALLORBITS=dz2
# 7ALLORBITS=dxz
# 8ALLORBITS=x2-y2
# 9ALLORBITS=tot
    0.00000000   -2.19897722    1.00000000    0.00191571    0.00000000    0.99808429    0.00000000    0.00000000    0.00000000    0.00000000    0.00000000    0.00000000    1.00000000    10     1     1
    0.00000000   -1.94496279    1.00000000    0.00000000    0.28535980    0.00000000    0.09677419    0.00000000    0.46153846    0.00000000    0.15632754    0.00000000    1.00000000    11     1     1
    0.00000000   -1.94492417    1.00000000    0.00000000    0.09677419    0.00000000    0.28535980    0.00000000    0.15632754    0.00000000    0.46153846    0.00000000    1.00000000    12     1     1
    0.00000000   -0.43269856    1.00000000    0.02216066    0.00000000    0.19252078    0.00000000    0.00000000    0.00000000    0.78531856    0.00000000    0.00000000    1.00000000    13     1     1
    0.00000000    2.32375678    1.00000000    0.00000000    0.12813370    0.00000000    0.37743733    0.00000000    0.12534819    0.00000000    0.36908078    0.00000000    1.00000000    14     1     1
    0.00000000    2.32377643    1.00000000    0.00000000    0.37743733    0.00000000    0.12813370    0.00000000    0.36908078    0.00000000    0.12534819    0.00000000    1.00000000    15     1     1
    0.00722022   -2.26028520    1.00000000    0.00174825    0.06293706    0.75000000    0.02097902    0.00000000    0.12412587    0.00000000    0.04195804    0.00000000    1.00000000    10     2     1
    0.00722022   -1.95489099    1.00000000    0.00000000    0.09677419    0.00000000    0.28660050    0.00000000    0.15384615    0.00000000    0.46277916    0.00000000    1.00000000    11     2     1
    0.00722022   -1.89195535    1.00000000    0.00000000    0.25960265    0.12185430    0.08741722    0.00000000    0.39735099    0.00000000    0.13245033    0.00000000    1.00000000    12     2     1
    0.00722022   -0.43523593    1.00000000    0.02216066    0.00138504    0.19252078    0.00000000    0.00000000    0.00000000    0.78393352    0.00000000    0.00138504    1.00000000    13     2     1
    0.00722022    2.31390096    1.00000000    0.00139470    0.37377964    0.00000000    0.12412831    0.00000000    0.37238494    0.00000000    0.12691771    0.00000000    1.00000000    14     2     1
    0.00722022    2.33478796    1.00000000    0.00000000    0.12656467    0.00000000    0.37830320    0.00000000    0.12656467    0.00000000    0.36856745    0.00000000    1.00000000    15     2     1
    0.01444044   -2.38193266    1.00000000    0.00162075    0.10696921    0.56239870    0.03727715    0.00000000    0.22042139    0.00000000    0.07293355    0.00000000    1.00000000    10     3     1
    0.01444044   -1.98497562    1.00000000    0.00000000    0.09950249    0.00000000    0.28482587    0.00000000    0.15422886    0.00000000    0.46144279    0.00000000    1.00000000    11     3     1
    0.01444044   -1.79505526    1.00000000    0.00000000    0.23762376    0.24752475    0.08486563    0.00000000    0.32248939    0.00000000    0.10749646    0.00000000    1.00000000    12     3     1
    0.01444044   -0.44326250    1.00000000    0.02348066    0.00276243    0.19060773    0.00138122    0.00138122    0.00000000    0.78038674    0.00000000    0.00276243    1.00000000    13     3     1
    0.01444044    2.28581815    1.00000000    0.00698324    0.36033520    0.00139665    0.12011173    0.00000000    0.37290503    0.00000000    0.13826816    0.00000000    1.00000000    14     3     1
    0.01444044    2.36757206    1.00000000    0.00000000    0.12482663    0.00000000    0.37586685    0.00000000    0.13453537    0.00000000    0.36338419    0.00000000    1.00000000    15     3     1
    0.02166066   -2.03562611    1.00000000    0.00000000    0.10486891    0.00000000    0.28214732    0.00000000    0.15480649    0.00000000    0.45817728    0.00000000    1.00000000    11     4     1
    0.02166066   -1.69728958    1.00000000    0.00000000    0.23042836    0.32939439    0.08714919    0.00000000    0.26440177    0.00000000    0.08862629    0.00000000    1.00000000    12     4     1
    0.02166066   -0.45771020    1.00000000    0.02335165    0.00686813    0.18681319    0.00274725    0.00274725    0.00000000    0.77060440    0.00000000    0.00686813    1.00000000    13     4     1
    0.02166066    2.24386772    1.00000000    0.01540616    0.33753501    0.00280112    0.11204482    0.00000000    0.37535014    0.00000000    0.15686275    0.00000000    1.00000000    14     4     1
    0.02166066    2.42126999    1.00000000    0.00000000    0.12413793    0.00000000    0.37241379    0.00000000    0.14758621    0.00000000    0.35448276    0.00000000    1.00000000    15     4     1
    0.02166066    2.42202357    1.00000000    0.01214575    0.42645074    0.00269906    0.14304993    0.10121457    0.00000000    0.01079622    0.00000000    0.30364372    1.00000000    16     4     1
    0.02888088   -2.10736030    1.00000000    0.00000000    0.11166876    0.00125471    0.27854454    0.00000000    0.15432873    0.00000000    0.45294856    0.00000000    1.00000000    11     5     1
    0.02888088   -1.60877101    1.00000000    0.00000000    0.22865854    0.38719512    0.09603659    0.00000000    0.21646341    0.00000000    0.07164634    0.00000000    1.00000000    12     5     1
    0.02888088   -0.48008408    1.00000000    0.02595628    0.01092896    0.18169399    0.00409836    0.00546448    0.00000000    0.75956284    0.00000000    0.01366120    1.00000000    13     5     1
    0.02888088    2.19421935    1.00000000    0.02524544    0.30855540    0.00420757    0.10238429    0.00000000    0.37727910    0.00000000    0.18092567    0.00000000    1.00000000    14     5     1
    0.02888088    2.32189718    1.00000000    0.01780822    0.40547945    0.00547945    0.13561644    0.10410959    0.00000000    0.02054795    0.00000000    0.31095890    1.00000000    15     5     1
    0.02888088    2.46630342    1.00000000    0.00000000    0.14814815    0.00000000    0.44047619    0.30820106    0.00000000    0.00132275    0.00000000    0.10317460    1.00000000    16     5     1
    0.02888088    2.49448096    1.00000000    0.00000000    0.12328767    0.00136986    0.36849315    0.00000000    0.16575342    0.00000000    0.34383562    0.00000000    1.00000000    17     5     1
    0.03610110   -2.20044968    1.00000000    0.00126422    0.12010114    0.00252845    0.27433628    0.00000000    0.15549937    0.00000000    0.44627054    0.00000000    1.00000000    11     6     1
    0.03610110   -1.53277306    1.00000000    0.00000000    0.23125000    0.43281250    0.10781250    0.00000000    0.17187500    0.00000000    0.05781250    0.00000000    1.00000000    12     6     1
    0.03610110   -0.51235314    1.00000000    0.02713704    0.01763908    0.17503392    0.00542741    0.00814111    0.00000000    0.74219810    0.00000000    0.02170963    1.00000000    13     6     1
    0.03610110    2.14353485    1.00000000    0.03651685    0.27668539    0.00702247    0.09269663    0.00000000    0.37780899    0.00000000    0.21067416    0.00000000    1.00000000    14     6     1
    0.03610110    2.21188884    1.00000000    0.02228412    0.38022284    0.00835655    0.12952646    0.10584958    0.00000000    0.03481894    0.00000000    0.31894150    1.00000000    15     6     1
    0.03610110    2.40905175    1.00000000    0.00000000    0.14475432    0.00000000    0.42895086    0.31739708    0.00000000    0.00265604    0.00000000    0.10624170    1.00000000    16     6     1
    0.04332132   -2.31463658    1.00000000    0.00127714    0.12899106    0.00510856    0.27075351    0.00000000    0.15708812    0.00000000    0.43678161    0.00000000    1.00000000    11     7     1
    0.04332132   -1.47052810    1.00000000    0.00159236    0.23248408    0.46815287    0.12101911    0.00000000    0.13216561    0.00000000    0.04458599    0.00000000    1.00000000    12     7     1
    0.04332132   -0.55642849    1.00000000    0.02964960    0.02425876    0.16711590    0.00808625    0.01482480    0.00000000    0.72102426    0.00000000    0.03504043    1.00000000    13     7     1
    0.04332132    2.09795750    1.00000000    0.04641350    0.24191280    0.00984529    0.08016878    0.00000000    0.37693390    0.00000000    0.24472574    0.00000000    1.00000000    14     7     1
    0.04332132    2.10019391    1.00000000    0.02545969    0.35360679    0.01414427    0.12164074    0.10749646    0.00000000    0.05374823    0.00000000    0.32390382    1.00000000    15     7     1
    0.04332132    2.34349089    1.00000000    0.00133156    0.13981358    0.00133156    0.41278296    0.32889481    0.00000000    0.00665779    0.00000000    0.11051931    1.00000000    16     7     1
    0.05054154   -2.44888721    1.00000000    0.00387097    0.13677419    0.00774194    0.26709677    0.00000000    0.16129032    0.00000000    0.42451613    0.00000000    1.00000000    11     8     1
    0.05054154   -1.42239224    1.00000000    0.00161812    0.23462783    0.49676375    0.13754045    0.00000000    0.09870550    0.00000000    0.03398058    0.00000000    1.00000000    12     8     1
    0.05054154   -0.61394793    1.00000000    0.03212851    0.03346720    0.15662651    0.01204819    0.02141901    0.00000000    0.69477912    0.00000000    0.04953146    1.00000000    13     8     1
    0.05054154    1.99315718    1.00000000    0.02722063    0.32378223    0.01862464    0.11604585    0.11031519    0.00000000    0.07593123    0.00000000    0.32664756    1.00000000    14     8     1
    0.05054154    2.06236787    1.00000000    0.05477528    0.20786517    0.01404494    0.06882022    0.00000000    0.37359551    0.00000000    0.28089888    0.00000000    1.00000000    15     8     1
    0.05054154    2.27295334    1.00000000    0.00267023    0.13484646    0.00133511    0.39118825    0.34312417    0.00000000    0.01335113    0.00000000    0.11481976    1.00000000    16     8     1
    0.05776176   -1.38822057    1.00000000    0.00326797    0.23366013    0.51633987    0.15196078    0.00000000    0.06862745    0.00000000    0.02450980    0.00000000    1.00000000    12     9     1
    0.05776176   -0.68546520    1.00000000    0.03328895    0.04127830    0.14647137    0.01464714    0.03328895    0.00000000    0.66311585    0.00000000    0.06924101    1.00000000    13     9     1
    0.05776176    1.89476123    1.00000000    0.02608696    0.29420290    0.02463768    0.11304348    0.11304348    0.00000000    0.10000000    0.00000000    0.32753623    1.00000000    14     9     1
    0.05776176    2.04018423    1.00000000    0.06179775    0.17696629    0.01825843    0.05898876    0.00000000    0.36657303    0.00000000    0.31741573    0.00000000    1.00000000    15     9     1
    0.05776176    2.20198903    1.00000000    0.00401070    0.12834225    0.00267380    0.36363636    0.35561497    0.00000000    0.02673797    0.00000000    0.11898396    1.00000000    16     9     1
    0.06498198   -1.36763452    1.00000000    0.00493421    0.23190789    0.53125000    0.16611842    0.00000000    0.04605263    0.00000000    0.01973684    0.00000000    1.00000000    12    10     1
    0.06498198   -0.76998103    1.00000000    0.03576159    0.04768212    0.13509934    0.01721854    0.04768212    0.00000000    0.62649007    0.00000000    0.09139073    1.00000000    13    10     1
    0.06498198    1.80632818    1.00000000    0.02478134    0.26384840    0.03061224    0.11370262    0.12099125    0.00000000    0.12099125    0.00000000    0.32653061    1.00000000    14    10     1
    0.06498198    2.03317272    1.00000000    0.06732118    0.14866760    0.02384292    0.05049088    0.00000000    0.35624123    0.00000000    0.35343619    0.00000000    1.00000000    15    10     1
    0.06498198    2.13629293    1.00000000    0.00534759    0.12165775    0.00534759    0.32887701    0.36497326    0.00000000    0.05080214    0.00000000    0.12299465    1.00000000    16    10     1
    0.07220220   -1.36020407    1.00000000    0.00658979    0.22899506    0.53871499    0.17792422    0.00000000    0.02965404    0.00000000    0.01647446    0.00000000    1.00000000    12    11     1
    0.07220220   -0.86441729    1.00000000    0.03562005    0.05408971    0.12269129    0.01846966    0.06596306    0.00000000    0.58707124    0.00000000    0.11609499    1.00000000    13    11     1
    0.07220220    1.72718996    1.00000000    0.02342606    0.23426061    0.03513909    0.11713031    0.13616398    0.00000000    0.13177160    0.00000000    0.32357247    1.00000000    14    11     1
    0.07220220    2.04174062    1.00000000    0.07012623    0.12342216    0.03085554    0.04347826    0.00000000    0.34502104    0.00000000    0.38709677    0.00000000    1.00000000    15    11     1
    0.07220220    2.08193097    1.00000000    0.00800000    0.11466667    0.00933333    0.28800000    0.36933333    0.00000000    0.08533333    0.00000000    0.12666667    1.00000000    16    11     1
    0.07942242   -2.46839204    1.00000000    0.00137363    0.12637363    0.00000000    0.33928571    0.38049451    0.00000000    0.02197802    0.00000000    0.12912088    1.00000000    11    12     1
    0.07942242   -1.36544006    1.00000000    0.00988468    0.22405272    0.54200988    0.18780890    0.00000000    0.01812191    0.00000000    0.01812191    0.00000000    1.00000000    12    12     1
    0.07942242   -0.96330285    1.00000000    0.03547963    0.05781866    0.11038108    0.01971091    0.09067017    0.00000000    0.54402102    0.00000000    0.14323259    1.00000000    13    12     1
    0.07942242    1.65643589    1.00000000    0.02196193    0.20497804    0.03953148    0.12298682    0.15959004    0.00000000    0.13177160    0.00000000    0.32064422    1.00000000    14    12     1
    0.07942242    2.04390577    1.00000000    0.00927152    0.10596026    0.01324503    0.24370861    0.36556291    0.00000000    0.13245033    0.00000000    0.12980132    1.00000000    15    12     1
    0.07942242    2.06538856    1.00000000    0.07152875    0.10378682    0.03646564    0.03786816    0.00000000    0.32959327    0.00000000    0.41935484    0.00000000    1.00000000    16    12     1
    0.08664264   -2.41415810    1.00000000    0.00280899    0.13904494    0.00000000    0.36797753    0.33567416    0.00000000    0.03792135    0.00000000    0.11657303    1.00000000    11    13     1
    0.08664264   -1.38290300    1.00000000    0.01313629    0.21674877    0.54351396    0.19376026    0.00000000    0.01313629    0.00000000    0.02134647    0.00000000    1.00000000    12    13     1
    0.08664264   -1.05881292    1.00000000    0.03267974    0.06013072    0.09934641    0.02091503    0.12156863    0.00000000    0.49673203    0.00000000    0.16993464    1.00000000    13    13     1
    0.08664264    1.59503883    1.00000000    0.02192982    0.17982456    0.04239766    0.12280702    0.19005848    0.00000000    0.12573099    0.00000000    0.31871345    1.00000000    14    13     1
    0.08664264    2.02416490    1.00000000    0.01047120    0.09554974    0.01832461    0.20157068    0.35732984    0.00000000    0.18455497    0.00000000    0.13089005    1.00000000    15    13     1
    0.08664264    2.10279847    1.00000000    0.07152875    0.08695652    0.04207574    0.03506311    0.00000000    0.31276297    0.00000000    0.44880785    0.00000000    1.00000000    16    13     1
    0.09386286   -2.38464757    1.00000000    0.00577201    0.15151515    0.00000000    0.39682540    0.27994228    0.00000000    0.06349206    0.00000000    0.10245310    1.00000000    11    14     1
    0.09386286   -1.41218597    1.00000000    0.01470588    0.20915033    0.54084967    0.19771242    0.00000000    0.00980392    0.00000000    0.02614379    0.00000000    1.00000000    12    14     1
    0.09386286   -1.14149562    1.00000000    0.02857143    0.06103896    0.08701299    0.02597403    0.15714286    0.00000000    0.44545455    0.00000000    0.19610390    1.00000000    13    14     1
    0.09386286    1.54644028    1.00000000    0.02186589    0.15743440    0.04664723    0.11661808    0.22157434    0.00000000    0.11661808    0.00000000    0.32069971    1.00000000    14    14     1
    0.09386286    2.02124411    1.00000000    0.01030928    0.08634021    0.02061856    0.16623711    0.34793814    0.00000000    0.23582474    0.00000000    0.13144330    1.00000000    15    14     1
    0.09386286    2.15212731    1.00000000    0.07162921    0.07584270    0.04775281    0.03511236    0.00000000    0.29494382    0.00000000    0.47471910    0.00000000    1.00000000    16    14     1
    0.10108308   -2.38891673    1.00000000    0.00895522    0.16417910    0.00000000    0.42238806    0.21791045    0.00000000    0.09850746    0.00000000    0.08955224    1.00000000    11    15     1
    0.10108308   -1.45280920    1.00000000    0.01785714    0.20129870    0.53733766    0.19967532    0.00000000    0.01136364    0.00000000    0.03246753    0.00000000    1.00000000    12    15     1
    0.10108308   -1.20202871    1.00000000    0.02322581    0.06193548    0.07483871    0.03612903    0.19483871    0.00000000    0.38967742    0.00000000    0.21935484    1.00000000    13    15     1
    0.10108308    1.51574968    1.00000000    0.02322206    0.13642961    0.05224964    0.10449927    0.24963716    0.00000000    0.11030479    0.00000000    0.32220610    1.00000000    14    15     1
    0.10108308    2.03136598    1.00000000    0.01136364    0.07575758    0.02272727    0.13636364    0.34217172    0.00000000    0.28156566    0.00000000    0.13005051    1.00000000    15    15     1
    0.10108308    2.21125914    1.00000000    0.06891702    0.06610408    0.05203938    0.03656821    0.00000000    0.27707454    0.00000000    0.49789030    0.00000000    1.00000000    16    15     1
    0.10830330   -2.43203240    1.00000000    0.01234568    0.17438272    0.00000000    0.43981481    0.15586420    0.00000000    0.13888889    0.00000000    0.07870370    1.00000000    11    16     1
    0.10830330   -1.50423641    1.00000000    0.02096774    0.19193548    0.53225806    0.19838710    0.00000000    0.01451613    0.00000000    0.04032258    0.00000000    1.00000000    12    16     1
    0.10830330   -1.23504684    1.00000000    0.01794872    0.06538462    0.06282051    0.05256410    0.22692308    0.00000000    0.33589744    0.00000000    0.23846154    1.00000000    13    16     1
    0.10830330    1.50780499    1.00000000    0.02315485    0.12011577    0.06078148    0.08683068    0.27062229    0.00000000    0.11143271    0.00000000    0.32561505    1.00000000    14    16     1
    0.10830330    2.04976947    1.00000000    0.01233046    0.06658446    0.02096178    0.11344020    0.34155364    0.00000000    0.31812577    0.00000000    0.12823674    1.00000000    15    16     1
    0.10830330    2.27764882    1.00000000    0.06478873    0.06056338    0.05633803    0.04084507    0.00000000    0.25774648    0.00000000    0.51830986    0.00000000    1.00000000    16    16     1
    0.11552353   -1.56580642    1.00000000    0.02403846    0.18269231    0.52884615    0.19551282    0.00000000    0.02083333    0.00000000    0.04967949    0.00000000    1.00000000    12    17     1
    0.11552353   -1.24121004    1.00000000    0.01408451    0.06914213    0.04993598    0.07298335    0.24967990    0.00000000    0.29065301    0.00000000    0.25352113    1.00000000    13    17     1
    0.11552353    1.52574422    1.00000000    0.02308802    0.10678211    0.07215007    0.06926407    0.27994228    0.00000000    0.11976912    0.00000000    0.32756133    1.00000000    14    17     1
    0.11552353    2.07188639    1.00000000    0.01320528    0.05642257    0.01680672    0.09483794    0.34933974    0.00000000    0.34333733    0.00000000    0.12605042    1.00000000    15    17     1
    0.11552353    2.34853258    1.00000000    0.06073446    0.05649718    0.05790960    0.04802260    0.00000000    0.24011299    0.00000000    0.53672316    0.00000000    1.00000000    16    17     1
    0.12274374   -1.63671992    1.00000000    0.02707006    0.17197452    0.52547771    0.19108280    0.00000000    0.02707006    0.00000000    0.05732484    0.00000000    1.00000000    12    18     1
    0.12274374   -1.22555871    1.00000000    0.01152369    0.07298335    0.03969270    0.09090909    0.26248399    0.00000000    0.25736236    0.00000000    0.26504481    1.00000000    13    18     1
    0.12274374    1.56926192    1.00000000    0.02161383    0.09798271    0.08789625    0.05331412    0.27089337    0.00000000    0.14409222    0.00000000    0.32420749    1.00000000    14    18     1
    0.12274374    2.09432924    1.00000000    0.01635514    0.04672897    0.01051402    0.07943925    0.36682243    0.00000000    0.35397196    0.00000000    0.12733645    1.00000000    15    18     1
    0.12274374    2.42075733    1.00000000    0.05531915    0.05531915    0.05673759    0.05673759    0.00000000    0.22269504    0.00000000    0.55319149    0.00000000    1.00000000    16    18     1
    0.12996396   -1.71598849    1.00000000    0.03006329    0.16297468    0.52215190    0.18354430    0.00000000    0.03639241    0.00000000    0.06645570    0.00000000    1.00000000    12    19     1
    0.12996396   -1.19319607    1.00000000    0.00898588    0.07445443    0.02952503    0.10526316    0.27086008    0.00000000    0.23363286    0.00000000    0.27727856    1.00000000    13    19     1
    0.12996396    1.63287646    1.00000000    0.01724138    0.09482759    0.10488506    0.04022989    0.23419540    0.00000000    0.19396552    0.00000000    0.31321839    1.00000000    14    19     1
    0.12996396    2.11685930    1.00000000    0.02047782    0.03640501    0.00455063    0.06598407    0.39817975    0.00000000    0.34129693    0.00000000    0.13310580    1.00000000    15    19     1
    0.12996396    2.49088345    1.00000000    0.04985755    0.05698006    0.05413105    0.06695157    0.00000000    0.20797721    0.00000000    0.56552707    0.00000000    1.00000000    16    19     1
    0.13718418   -1.80244282    1.00000000    0.03301887    0.15251572    0.51886792    0.17452830    0.00000000    0.04559748    0.00000000    0.07547170    0.00000000    1.00000000    12    20     1
    0.13718418   -1.14713047    1.00000000    0.00900901    0.07593308    0.02059202    0.11325611    0.27541828    0.00000000    0.21750322    0.00000000    0.28957529    1.00000000    13    20     1
    0.13718418    1.70270366    1.00000000    0.01137980    0.09530583    0.11948791    0.03271693    0.16785206    0.00000000    0.29018492    0.00000000    0.28307255    1.00000000    14    20     1
    0.13718418    2.14582275    1.00000000    0.02572707    0.02572707    0.00000000    0.05369128    0.44966443    0.00000000    0.29418345    0.00000000    0.15212528    1.00000000    15    20     1
    0.14440441   -1.89472933    1.00000000    0.03437500    0.14062500    0.51718750    0.16406250    0.00000000    0.05781250    0.00000000    0.08593750    0.00000000    1.00000000    12    21     1
    0.14440441   -1.08857041    1.00000000    0.01030928    0.07474227    0.01288660    0.11597938    0.28221649    0.00000000    0.20360825    0.00000000    0.30025773    1.00000000    13    21     1
    0.14440441    1.75388506    1.00000000    0.00550206    0.09353508    0.11554333    0.03301238    0.09215956    0.00000000    0.43328748    0.00000000    0.22833563    1.00000000    14    21     1
    0.14440441    2.19770047    1.00000000    0.03142536    0.01683502    0.00785634    0.04040404    0.50953984    0.00000000    0.20650954    0.00000000    0.18742985    1.00000000    15    21     1
    0.15162462   -1.99127561    1.00000000    0.03720930    0.12868217    0.51627907    0.15193798    0.00000000    0.06976744    0.00000000    0.09457364    0.00000000    1.00000000    12    22     1
    0.15162462   -1.01810418    1.00000000    0.01032258    0.07225806    0.00774194    0.11483871    0.29161290    0.00000000    0.18967742    0.00000000    0.31225806    1.00000000    13    22     1
    0.15162462    1.76197739    1.00000000    0.00520833    0.08593750    0.09114583    0.03385417    0.05598958    0.00000000    0.55859375    0.00000000    0.16796875    1.00000000    14    22     1
    0.15162462    2.28902595    1.00000000    0.03344867    0.01384083    0.03344867    0.02768166    0.54555940    0.00000000    0.11534025    0.00000000    0.23183391    1.00000000    15    22     1
    0.15884484   -2.09029112    1.00000000    0.03993856    0.11520737    0.51766513    0.13824885    0.00000000    0.08294931    0.00000000    0.10445469    0.00000000    1.00000000    12    23     1
    0.15884484   -0.93696224    1.00000000    0.01032258    0.06967742    0.00387097    0.11225806    0.30322581    0.00000000    0.17419355    0.00000000    0.32387097    1.00000000    13    23     1
    0.15884484    1.72438146    1.00000000    0.01118012    0.07577640    0.06459627    0.03478261    0.05590062    0.00000000    0.63354037    0.00000000    0.12546584    1.00000000    14    23     1
    0.15884484    2.41561420    1.00000000    0.03080569    0.01421801    0.06635071    0.01895735    0.54502370    0.00000000    0.05805687    0.00000000    0.26658768    1.00000000    15    23     1
    0.16606507   -2.18968072    1.00000000    0.04261796    0.10197869    0.52054795    0.12024353    0.00000000    0.09893455    0.00000000    0.11567732    0.00000000    1.00000000    12    24     1
    0.16606507   -0.84760282    1.00000000    0.01030928    0.06829897    0.00128866    0.10824742    0.31958763    0.00000000    0.15463918    0.00000000    0.33762887    1.00000000    13    24     1
    0.16606507    1.65362450    1.00000000    0.01807229    0.06746988    0.04457831    0.03373494    0.05903614    0.00000000    0.67951807    0.00000000    0.09879518    1.00000000    14    24     1
    0.17328529   -2.28689474    1.00000000    0.04654655    0.08408408    0.52552553    0.10060060    0.00000000    0.11561562    0.00000000    0.12612613    0.00000000    1.00000000    12    25     1
    0.17328529   -0.75404594    1.00000000    0.00899743    0.06812339    0.00000000    0.10411311    0.33804627    0.00000000    0.12982005    0.00000000    0.35089974    1.00000000    13    25     1
    0.17328529    1.56294456    1.00000000    0.02491103    0.06049822    0.02965599    0.03202847    0.05693950    0.00000000    0.72004745    0.00000000    0.07710558    1.00000000    14    25     1
    0.18050550   -2.37872150    1.00000000    0.04881657    0.06656805    0.53254438    0.07840237    0.00000000    0.13461538    0.00000000    0.13905325    0.00000000    1.00000000    12    26     1
    0.18050550   -0.66193268    1.00000000    0.00768246    0.06786172    0.00000000    0.09987196    0.35851472    0.00000000    0.09859155    0.00000000    0.36747759    1.00000000    13    26     1
    0.18050550    1.46432608    1.00000000    0.03297998    0.05535925    0.01766784    0.03062426    0.04829211    0.00000000    0.75971731    0.00000000    0.05653710    1.00000000    14    26     1
    0.18772572   -2.46078188    1.00000000    0.05232558    0.04505814    0.54215116    0.05377907    0.00000000    0.15406977    0.00000000    0.15261628    0.00000000    1.00000000    12    27     1
    0.18772572   -0.57828280    1.00000000    0.00510204    0.06887755    0.00000000    0.09566327    0.38137755    0.00000000    0.06505102    0.00000000    0.38392857    1.00000000    13    27     1
    0.18772572    1.36975279    1.00000000    0.03877791    0.05052879    0.00940071    0.03172738    0.03407756    0.00000000    0.79905993    0.00000000    0.03642773    1.00000000    14    27     1
    0.19494595   -0.51117414    1.00000000    0.00254130    0.07115629    0.00000000    0.09021601    0.40152478    0.00000000    0.03303685    0.00000000    0.40152478    1.00000000    13    28     1
    0.19494595    1.29119453    1.00000000    0.04470588    0.04588235    0.00352941    0.03176471    0.01764706    0.00000000    0.83764706    0.00000000    0.01882353    1.00000000    14    28     1
    0.20216617   -0.46811226    1.00000000    0.00126582    0.07594937    0.00000000    0.08481013    0.41518987    0.00000000    0.00886076    0.00000000    0.41392405    1.00000000    13    29     1
    0.20216617    1.23947219    1.00000000    0.04946996    0.04122497    0.00117786    0.03415783    0.00471143    0.00000000    0.86454653    0.00000000    0.00471143    1.00000000    14    29     1
    0.20938638   -0.45362802    1.00000000    0.00000000    0.07964602    0.00000000    0.07964602    0.41972187    0.00000000    0.00000000    0.00000000    0.41972187    1.00000000    13    30     1
    0.20938638    1.22163621    1.00000000    0.05070755    0.03773585    0.00000000    0.03773585    0.00000000    0.00000000    0.87500000    0.00000000    0.00000000    1.00000000    14    30     1
    0.20938638   -0.45362802    1.00000000    0.00000000    0.07964602    0.00000000    0.07964602    0.41972187    0.00000000    0.00000000    0.00000000    0.41972187    1.00000000    13    31     2
    0.20938638    1.22163621    1.00000000    0.05070755    0.03773585    0.00000000    0.03773585    0.00000000    0.00000000    0.87500000    0.00000000    0.00000000    1.00000000    14    31     2
    0.21299649   -0.45704420    1.00000000    0.00000000    0.08217446    0.00000000    0.07711757    0.41719343    0.00000000    0.00252845    0.00000000    0.41972187    1.00000000    13    32     2
    0.21299649    1.22600966    1.00000000    0.04952830    0.03655660    0.00000000    0.03891509    0.00117925    0.00000000    0.87264151    0.00000000    0.00117925    1.00000000    14    32     2
    0.21660660   -0.46687885    1.00000000    0.00000000    0.08481013    0.00000000    0.07594937    0.41265823    0.00000000    0.00759494    0.00000000    0.41772152    1.00000000    13    33     2
    0.21660660    1.23867268    1.00000000    0.04946996    0.03415783    0.00117786    0.04122497    0.00471143    0.00000000    0.86454653    0.00000000    0.00471143    1.00000000    14    33     2
    0.22021672   -0.48215831    1.00000000    0.00126904    0.08883249    0.00126904    0.07360406    0.40609137    0.00000000    0.01776650    0.00000000    0.41370558    1.00000000    13    34     2
    0.22021672    1.25881242    1.00000000    0.04823529    0.03411765    0.00117647    0.04235294    0.01058824    0.00000000    0.85294118    0.00000000    0.01176471    1.00000000    14    34     2
    0.22382682   -0.50182567    1.00000000    0.00254453    0.09160305    0.00254453    0.07251908    0.39694656    0.00000000    0.02926209    0.00000000    0.40712468    1.00000000    13    35     2
    0.22382682    1.28539900    1.00000000    0.04577465    0.03286385    0.00234742    0.04342723    0.01760563    0.00000000    0.83802817    0.00000000    0.01877934    1.00000000    14    35     2
    0.22743693   -0.52477458    1.00000000    0.00255102    0.09438776    0.00382653    0.07015306    0.38520408    0.00000000    0.04209184    0.00000000    0.40051020    1.00000000    13    36     2
    0.22743693    1.31727526    1.00000000    0.04332553    0.03161593    0.00351288    0.04566745    0.02576112    0.00000000    0.82084309    0.00000000    0.02927400    1.00000000    14    36     2
    0.23104704   -2.48977789    1.00000000    0.05202312    0.03468208    0.55057803    0.04190751    0.00000000    0.13294798    0.00000000    0.18641618    0.00000000    1.00000000    12    37     2
    0.23104704   -0.54993025    1.00000000    0.00384615    0.09743590    0.00641026    0.06923077    0.37435897    0.00000000    0.05641026    0.00000000    0.39358974    1.00000000    13    37     2
    0.23104704    1.35326446    1.00000000    0.04088785    0.03154206    0.00467290    0.04672897    0.03504673    0.00000000    0.80257009    0.00000000    0.03971963    1.00000000    14    37     2
    0.23465716   -2.46464765    1.00000000    0.05102041    0.04227405    0.54956268    0.05102041    0.00000000    0.12099125    0.00000000    0.18513120    0.00000000    1.00000000    12    38     2
    0.23465716   -0.57632775    1.00000000    0.00386100    0.10038610    0.00900901    0.06949807    0.36293436    0.00000000    0.06949807    0.00000000    0.38481338    1.00000000    13    38     2
    0.23465716    1.39224011    1.00000000    0.03846154    0.03146853    0.00582751    0.04662005    0.04312354    0.00000000    0.78205128    0.00000000    0.05244755    1.00000000    14    38     2
    0.23826727   -2.43961655    1.00000000    0.04992658    0.04698972    0.54772394    0.05873715    0.00000000    0.11160059    0.00000000    0.18502203    0.00000000    1.00000000    12    39     2
    0.23826727   -0.60312683    1.00000000    0.00517464    0.10478655    0.01293661    0.06856404    0.35058215    0.00000000    0.08408797    0.00000000    0.37516171    1.00000000    13    39     2
    0.23826727    1.43317308    1.00000000    0.03600465    0.03019744    0.00696864    0.04761905    0.05226481    0.00000000    0.76074332    0.00000000    0.06620209    1.00000000    14    39     2
    0.24187737   -2.41541351    1.00000000    0.04881657    0.05177515    0.54881657    0.06508876    0.00000000    0.10207101    0.00000000    0.18491124    0.00000000    1.00000000    12    40     2
    0.24187737   -0.62971972    1.00000000    0.00520833    0.10807292    0.01692708    0.06901042    0.33854167    0.00000000    0.09765625    0.00000000    0.36588542    1.00000000    13    40     2
    0.24187737    1.47506820    1.00000000    0.03360371    0.03012746    0.00811124    0.04750869    0.06141367    0.00000000    0.73928158    0.00000000    0.08111240    1.00000000    14    40     2
    0.24548749   -2.39255489    1.00000000    0.04761905    0.05654762    0.54910714    0.07142857    0.00000000    0.09375000    0.00000000    0.18452381    0.00000000    1.00000000    12    41     2
    0.24548749   -0.65557334    1.00000000    0.00524246    0.11140236    0.02096986    0.06946265    0.32634338    0.00000000    0.11009174    0.00000000    0.35648755    1.00000000    13    41     2
    0.24548749    1.51709459    1.00000000    0.03117783    0.03002309    0.00923788    0.04734411    0.07043880    0.00000000    0.71478060    0.00000000    0.09699769    1.00000000    14    41     2
    0.24909760   -2.37147080    1.00000000    0.04484305    0.05829596    0.55007474    0.07623318    0.00000000    0.08669656    0.00000000    0.18385650    0.00000000    1.00000000    12    42     2
    0.24909760   -0.68032035    1.00000000    0.00527704    0.11609499    0.02770449    0.06992084    0.31398417    0.00000000    0.12137203    0.00000000    0.34564644    1.00000000    13    42     2
    0.24909760    1.55848594    1.00000000    0.02761795    0.02991945    0.01035673    0.04718067    0.07940161    0.00000000    0.69044879    0.00000000    0.11392405    1.00000000    14    42     2
    0.25270771   -2.35247055    1.00000000    0.04354354    0.06006006    0.55105105    0.07957958    0.00000000    0.08108108    0.00000000    0.18318318    0.00000000    1.00000000    12    43     2
    0.25270771   -0.70377639    1.00000000    0.00531915    0.12101064    0.03324468    0.07047872    0.30186170    0.00000000    0.13297872    0.00000000    0.33510638    1.00000000    13    43     2
    0.25270771    1.59856257    1.00000000    0.02525832    0.02985075    0.01148106    0.04707233    0.08725603    0.00000000    0.66475316    0.00000000    0.13432836    1.00000000    14    43     2
    0.25631781   -2.33577678    1.00000000    0.04223228    0.06184012    0.55354449    0.08295626    0.00000000    0.07541478    0.00000000    0.18401207    0.00000000    1.00000000    12    44     2
    0.25631781   -0.72586646    1.00000000    0.00535475    0.12449799    0.04016064    0.07228916    0.28915663    0.00000000    0.14457831    0.00000000    0.32396252    1.00000000    13    44     2
    0.25631781    1.63667374    1.00000000    0.02290951    0.03092784    0.01145475    0.04581901    0.09621993    0.00000000    0.63573883    0.00000000    0.15693013    1.00000000    14    44     2
    0.25992793   -2.32152617    1.00000000    0.04236006    0.06051437    0.55673222    0.08472012    0.00000000    0.07110439    0.00000000    0.18456884    0.00000000    1.00000000    12    45     2
    0.25992793   -0.74666427    1.00000000    0.00540541    0.12972973    0.04864865    0.07297297    0.27702703    0.00000000    0.15540541    0.00000000    0.31216216    1.00000000    13    45     2
    0.25992793    1.67223607    1.00000000    0.02057143    0.03085714    0.01257143    0.04457143    0.10400000    0.00000000    0.60457143    0.00000000    0.18285714    1.00000000    14    45     2
    0.26353804   -2.30976847    1.00000000    0.04090909    0.06060606    0.56060606    0.08636364    0.00000000    0.06818182    0.00000000    0.18484848    0.00000000    1.00000000    12    46     2
    0.26353804   -0.76629156    1.00000000    0.00408719    0.13351499    0.05722071    0.07493188    0.26566757    0.00000000    0.16485014    0.00000000    0.29836512    1.00000000    13    46     2
    0.26353804    1.70475462    1.00000000    0.01822323    0.03075171    0.01366743    0.04328018    0.11275626    0.00000000    0.56947608    0.00000000    0.21184510    1.00000000    14    46     2
    0.26714815   -2.30048146    1.00000000    0.03951368    0.05927052    0.56534954    0.08662614    0.00000000    0.06534954    0.00000000    0.18541033    0.00000000    1.00000000    12    47     2
    0.26714815   -0.78500631    1.00000000    0.00412655    0.13892710    0.06602476    0.07702889    0.25447043    0.00000000    0.17469051    0.00000000    0.28473177    1.00000000    13    47     2
    0.26714815    1.73374884    1.00000000    0.01590909    0.03068182    0.01477273    0.04090909    0.12159091    0.00000000    0.52954545    0.00000000    0.24545455    1.00000000    14    47     2
    0.27075826   -2.47197079    1.00000000    0.06183746    0.50883392    0.13427562    0.20671378    0.00530035    0.00000000    0.08303887    0.00000000    0.00176678    1.00000000    11    48     2
    0.27075826   -2.29357240    1.00000000    0.03805175    0.05631659    0.56925419    0.08675799    0.00000000    0.06392694    0.00000000    0.18569254    0.00000000    1.00000000    12    48     2
    0.27075826   -0.80313135    1.00000000    0.00416667    0.14305556    0.07638889    0.07916667    0.24166667    0.00000000    0.18472222    0.00000000    0.27083333    1.00000000    13    48     2
    0.27075826    1.75881242    1.00000000    0.01360544    0.03061224    0.01473923    0.03854875    0.13151927    0.00000000    0.48526077    0.00000000    0.28458050    1.00000000    14    48     2
    0.27436837   -2.34817421    1.00000000    0.05604203    0.51663748    0.12784588    0.20665499    0.00525394    0.00000000    0.08581436    0.00000000    0.00175131    1.00000000    11    49     2
    0.27436837   -2.28888109    1.00000000    0.03658537    0.05335366    0.57469512    0.08536585    0.00000000    0.06250000    0.00000000    0.18597561    0.00000000    1.00000000    12    49     2
    0.27436837   -0.82109400    1.00000000    0.00280899    0.14747191    0.08707865    0.08146067    0.23033708    0.00000000    0.19522472    0.00000000    0.25421348    1.00000000    13    49     2
    0.27436837    1.77958248    1.00000000    0.01131222    0.03167421    0.01583710    0.03619910    0.14140271    0.00000000    0.43552036    0.00000000    0.32805430    1.00000000    14    49     2
    0.27436837    2.46376976    1.00000000    0.01400233    0.01516919    0.05600933    0.03617270    0.30571762    0.00000000    0.20653442    0.00000000    0.36639440    1.00000000    15    49     2
    0.27797848   -2.28622682    1.00000000    0.03664122    0.05038168    0.58015267    0.08396947    0.00000000    0.06259542    0.00000000    0.18625954    0.00000000    1.00000000    11    50     2
    0.27797848   -2.22725110    1.00000000    0.05034722    0.52256944    0.12152778    0.20659722    0.00694444    0.00000000    0.08854167    0.00000000    0.00347222    1.00000000    12    50     2
    0.27797848   -0.83933508    1.00000000    0.00284091    0.15198864    0.09801136    0.08380682    0.22017045    0.00000000    0.20596591    0.00000000    0.23863636    1.00000000    13    50     2
    0.27797848    1.79585676    1.00000000    0.00902935    0.03160271    0.01580135    0.03273138    0.15237020    0.00000000    0.38148984    0.00000000    0.37584650    1.00000000    14    50     2
    0.27797848    2.43148840    1.00000000    0.01395349    0.01511628    0.04767442    0.03953488    0.29883721    0.00000000    0.25000000    0.00000000    0.33372093    1.00000000    15    50     2
    0.28158859   -2.28533462    1.00000000    0.03516820    0.04740061    0.58715596    0.08256881    0.00000000    0.06269113    0.00000000    0.18654434    0.00000000    1.00000000    11    51     2
    0.28158859   -2.10997617    1.00000000    0.04467354    0.52920962    0.11512027    0.20790378    0.01030928    0.00000000    0.08934708    0.00000000    0.00515464    1.00000000    12    51     2
    0.28158859   -0.85832461    1.00000000    0.00287770    0.15395683    0.11079137    0.08633094    0.20863309    0.00000000    0.21582734    0.00000000    0.22014388    1.00000000    13    51     2
    0.28158859    1.80759022    1.00000000    0.00675676    0.03153153    0.01463964    0.03040541    0.16441441    0.00000000    0.32432432    0.00000000    0.42680180    1.00000000    14    51     2
    0.28158859    2.40354832    1.00000000    0.01392111    0.01624130    0.03944316    0.04292343    0.29234339    0.00000000    0.29814385    0.00000000    0.29814385    1.00000000    15    51     2
    0.28519870   -2.28590171    1.00000000    0.03516820    0.04281346    0.59174312    0.08103976    0.00000000    0.06269113    0.00000000    0.18654434    0.00000000    1.00000000    11    52     2
    0.28519870   -1.99716204    1.00000000    0.03904924    0.53480475    0.10865874    0.20713073    0.01188455    0.00000000    0.08998302    0.00000000    0.00848896    1.00000000    12    52     2
    0.28519870   -0.87855301    1.00000000    0.00291121    0.15574964    0.12372635    0.08879185    0.19796215    0.00000000    0.22707424    0.00000000    0.20232897    1.00000000    13    52     2
    0.28519870    1.81497730    1.00000000    0.00561798    0.03146067    0.01460674    0.02696629    0.17752809    0.00000000    0.26516854    0.00000000    0.47977528    1.00000000    14    52     2
    0.28519870    2.38013575    1.00000000    0.01388889    0.01736111    0.03125000    0.04629630    0.28472222    0.00000000    0.34722222    0.00000000    0.26041667    1.00000000    15    52     2
    0.28880881   -2.28759208    1.00000000    0.03369066    0.03981623    0.59877489    0.07963247    0.00000000    0.06278714    0.00000000    0.18683002    0.00000000    1.00000000    11    53     2
    0.28880881   -1.88967133    1.00000000    0.03193277    0.54285714    0.10084034    0.20672269    0.01512605    0.00000000    0.08739496    0.00000000    0.01344538    1.00000000    12    53     2
    0.28880881   -0.90045077    1.00000000    0.00443131    0.15657312    0.13884786    0.09010340    0.18759232    0.00000000    0.24076809    0.00000000    0.18316100    1.00000000    13    53     2
    0.28880881    1.81848229    1.00000000    0.00447928    0.03135498    0.01231803    0.02351624    0.19036954    0.00000000    0.20828667    0.00000000    0.53079507    1.00000000    14    53     2
    0.28880881    2.36119471    1.00000000    0.01385681    0.01732102    0.02540416    0.04965358    0.27598152    0.00000000    0.39607390    0.00000000    0.22170901    1.00000000    15    53     2
    0.29241892   -2.29006045    1.00000000    0.03374233    0.03527607    0.60582822    0.07668712    0.00000000    0.06288344    0.00000000    0.18711656    0.00000000    1.00000000    11    54     2
    0.29241892   -1.78843623    1.00000000    0.02653400    0.55058043    0.09121061    0.20729685    0.01824212    0.00000000    0.08291874    0.00000000    0.02155887    1.00000000    12    54     2
    0.29241892   -0.92436235    1.00000000    0.00449775    0.15292354    0.15592204    0.09145427    0.17841079    0.00000000    0.25487256    0.00000000    0.16191904    1.00000000    13    54     2
    0.29241892    1.81875459    1.00000000    0.00334821    0.03236607    0.01004464    0.02008929    0.20200893    0.00000000    0.15401786    0.00000000    0.57812500    1.00000000    14    54     2
    0.29241892    2.34640020    1.00000000    0.01382488    0.01843318    0.02073733    0.05299539    0.26728111    0.00000000    0.44124424    0.00000000    0.18548387    1.00000000    15    54     2
    0.29602903   -2.29293903    1.00000000    0.03374233    0.03220859    0.61042945    0.07515337    0.00000000    0.06288344    0.00000000    0.18711656    0.00000000    1.00000000    11    55     2
    0.29602903   -1.69457634    1.00000000    0.02124183    0.56209150    0.08006536    0.20751634    0.02124183    0.00000000    0.07679739    0.00000000    0.02941176    1.00000000    12    55     2
    0.29602903   -0.95039309    1.00000000    0.00608828    0.14459665    0.17351598    0.09284627    0.16894977    0.00000000    0.27245053    0.00000000    0.14155251    1.00000000    13    55     2
    0.29602903    1.81675901    1.00000000    0.00222717    0.03229399    0.00779510    0.01670379    0.21269488    0.00000000    0.10690423    0.00000000    0.62138085    1.00000000    14    55     2
    0.29602903    2.33527145    1.00000000    0.01382488    0.01958525    0.01612903    0.05529954    0.26036866    0.00000000    0.48156682    0.00000000    0.15322581    1.00000000    15    55     2
    0.29963914   -2.29586953    1.00000000    0.03220859    0.02914110    0.61503067    0.07361963    0.00000000    0.06288344    0.00000000    0.18711656    0.00000000    1.00000000    11    56     2
    0.29963914   -1.60948389    1.00000000    0.01610306    0.57809984    0.06602254    0.20933977    0.02415459    0.00000000    0.06602254    0.00000000    0.04186795    1.00000000    12    56     2
    0.29963914   -0.97825440    1.00000000    0.00773994    0.13157895    0.19504644    0.09133127    0.16099071    0.00000000    0.29256966    0.00000000    0.11919505    1.00000000    13    56     2
    0.29963914    1.81343150    1.00000000    0.00110988    0.03218646    0.00554939    0.01442841    0.22197558    0.00000000    0.06881243    0.00000000    0.65593785    1.00000000    14    56     2
    0.29963914    2.32725348    1.00000000    0.01380898    0.01956272    0.01380898    0.05753740    0.25431530    0.00000000    0.51438435    0.00000000    0.12658228    1.00000000    15    56     2
    0.30324925   -2.29853514    1.00000000    0.03225806    0.02611367    0.62058372    0.07219662    0.00000000    0.06298003    0.00000000    0.18740399    0.00000000    1.00000000    11    57     2
    0.30324925   -1.53524520    1.00000000    0.01109350    0.59904913    0.04912837    0.21236133    0.02694136    0.00000000    0.05071315    0.00000000    0.05388273    1.00000000    12    57     2
    0.30324925   -1.00685860    1.00000000    0.00946372    0.10883281    0.22082019    0.08990536    0.15457413    0.00000000    0.31861199    0.00000000    0.09779180    1.00000000    13    57     2
    0.30324925    1.80971824    1.00000000    0.00110742    0.03211517    0.00332226    0.01328904    0.22923588    0.00000000    0.03875969    0.00000000    0.68327796    1.00000000    14    57     2
    0.30324925    2.32172519    1.00000000    0.01380898    0.01956272    0.01150748    0.05983890    0.24856157    0.00000000    0.54085155    0.00000000    0.10701956    1.00000000    15    57     2
    0.30685936   -2.30065216    1.00000000    0.03225806    0.02457757    0.62365591    0.07066052    0.00000000    0.06298003    0.00000000    0.18740399    0.00000000    1.00000000    11    58     2
    0.30685936   -1.47516062    1.00000000    0.00467290    0.62461059    0.02803738    0.21495327    0.02803738    0.00000000    0.02959502    0.00000000    0.06853583    1.00000000    12    58     2
    0.30685936   -1.03372344    1.00000000    0.01286174    0.07717042    0.24919614    0.08520900    0.15273312    0.00000000    0.34887460    0.00000000    0.07556270    1.00000000    13    58     2
    0.30685936    1.80645935    1.00000000    0.00000000    0.03207965    0.00110619    0.01216814    0.23451327    0.00000000    0.01659292    0.00000000    0.70243363    1.00000000    14    58     2
    0.30685936    2.31817608    1.00000000    0.01379310    0.02068966    0.01034483    0.06091954    0.24482759    0.00000000    0.55862069    0.00000000    0.09195402    1.00000000    15    58     2
    0.31046947   -2.30202464    1.00000000    0.03225806    0.02304147    0.62519201    0.06912442    0.00000000    0.06298003    0.00000000    0.18740399    0.00000000    1.00000000    11    59     2
    0.31046947   -1.43450300    1.00000000    0.00153610    0.65284178    0.00921659    0.21966206    0.02918587    0.00000000    0.00921659    0.00000000    0.07987711    1.00000000    12    59     2
    0.31046947   -1.05420072    1.00000000    0.01633987    0.04248366    0.27450980    0.08006536    0.15032680    0.00000000    0.37745098    0.00000000    0.05718954    1.00000000    13    59     2
    0.31046947    1.80422439    1.00000000    0.00000000    0.03204420    0.00000000    0.01104972    0.23867403    0.00000000    0.00441989    0.00000000    0.71491713    1.00000000    14    59     2
    0.31046947    2.31619889    1.00000000    0.01379310    0.02068966    0.00919540    0.06091954    0.24252874    0.00000000    0.56896552    0.00000000    0.08390805    1.00000000    15    59     2
    0.31407958   -2.30249140    1.00000000    0.03225806    0.02304147    0.62519201    0.06912442    0.00000000    0.06298003    0.00000000    0.18740399    0.00000000    1.00000000    11    60     2
    0.31407958   -1.41981195    1.00000000    0.00000000    0.66564885    0.00000000    0.22137405    0.02900763    0.00000000    0.00000000    0.00000000    0.08549618    1.00000000    12    60     2
    0.31407958   -1.06210569    1.00000000    0.01809211    0.02631579    0.28782895    0.07730263    0.15131579    0.00000000    0.39144737    0.00000000    0.05098684    1.00000000    13    60     2
    0.31407958    1.80341777    1.00000000    0.00000000    0.03200883    0.00000000    0.01103753    0.23951435    0.00000000    0.00000000    0.00000000    0.71743929    1.00000000    14    60     2
    0.31407958    2.31557624    1.00000000    0.01379310    0.02068966    0.00919540    0.06206897    0.24137931    0.00000000    0.57241379    0.00000000    0.08045977    1.00000000    15    60     2
    0.31407958   -2.30249140    1.00000000    0.03225806    0.02304147    0.62519201    0.06912442    0.00000000    0.06298003    0.00000000    0.18740399    0.00000000    1.00000000    11    61     3
    0.31407958   -1.41981195    1.00000000    0.00000000    0.66564885    0.00000000    0.22137405    0.02900763    0.00000000    0.00000000    0.00000000    0.08549618    1.00000000    12    61     3
    0.31407958   -1.06210569    1.00000000    0.01809211    0.02631579    0.28782895    0.07730263    0.15131579    0.00000000    0.39144737    0.00000000    0.05098684    1.00000000    13    61     3
    0.31407958    1.80341777    1.00000000    0.00000000    0.03200883    0.00000000    0.01103753    0.23951435    0.00000000    0.00000000    0.00000000    0.71743929    1.00000000    14    61     3
    0.31407958    2.31557624    1.00000000    0.01379310    0.02068966    0.00919540    0.06206897    0.24137931    0.00000000    0.57241379    0.00000000    0.08045977    1.00000000    15    61     3
    0.32033247   -2.29993262    1.00000000    0.03230769    0.02307692    0.62615385    0.07076923    0.00000000    0.06153846    0.00000000    0.18615385    0.00000000    1.00000000    11    62     3
    0.32033247   -1.42405482    1.00000000    0.00000000    0.66310976    0.00000000    0.22103659    0.02896341    0.00000000    0.00000000    0.00000000    0.08689024    1.00000000    12    62     3
    0.32033247   -1.07068185    1.00000000    0.01806240    0.02463054    0.28407225    0.07553366    0.15435140    0.00000000    0.39244663    0.00000000    0.05090312    1.00000000    13    62     3
    0.32033247    1.80179781    1.00000000    0.00000000    0.03318584    0.00000000    0.01106195    0.23893805    0.00000000    0.00000000    0.00000000    0.71681416    1.00000000    14    62     3
    0.32033247    2.30819891    1.00000000    0.01384083    0.02076125    0.00922722    0.06228374    0.24106113    0.00000000    0.57208766    0.00000000    0.08073818    1.00000000    15    62     3
    0.32658537   -2.29222823    1.00000000    0.03235747    0.02465331    0.62711864    0.07241911    0.00000000    0.06163328    0.00000000    0.18335901    0.00000000    1.00000000    11    63     3
    0.32658537   -1.43679388    1.00000000    0.00000000    0.65501520    0.00000000    0.21884498    0.03191489    0.00000000    0.00000000    0.00000000    0.09574468    1.00000000    12    63     3
    0.32658537   -1.09559645    1.00000000    0.02120718    0.02446982    0.27406199    0.07340946    0.15986949    0.00000000    0.39314845    0.00000000    0.05383361    1.00000000    13    63     3
    0.32658537    1.79708516    1.00000000    0.00000000    0.03777778    0.00000000    0.01222222    0.23777778    0.00000000    0.00000000    0.00000000    0.71222222    1.00000000    14    63     3
    0.32658537    2.28680024    1.00000000    0.01511628    0.02093023    0.01162791    0.06279070    0.23953488    0.00000000    0.56976744    0.00000000    0.08023256    1.00000000    15    63     3
    0.33283826   -2.27933061    1.00000000    0.03250774    0.02476780    0.62848297    0.07585139    0.00000000    0.05882353    0.00000000    0.17801858    0.00000000    1.00000000    11    64     3
    0.33283826   -1.45807107    1.00000000    0.00000000    0.64296520    0.00000000    0.21482602    0.03630862    0.00000000    0.00000000    0.00000000    0.10741301    1.00000000    12    64     3
    0.33283826   -1.13445641    1.00000000    0.02427184    0.02427184    0.25889968    0.07119741    0.17152104    0.00000000    0.39482201    0.00000000    0.05663430    1.00000000    13    64     3
    0.33283826    1.79002677    1.00000000    0.00000000    0.04586130    0.00000000    0.01565996    0.23489933    0.00000000    0.00000000    0.00000000    0.70469799    1.00000000    14    64     3
    0.33283826    2.25330771    1.00000000    0.01531213    0.02120141    0.01648999    0.06360424    0.23674912    0.00000000    0.56654888    0.00000000    0.07891637    1.00000000    15    64     3
    0.33909116   -2.26111628    1.00000000    0.03271028    0.02647975    0.63084112    0.08099688    0.00000000    0.05763240    0.00000000    0.17133956    0.00000000    1.00000000    11    65     3
    0.33909116   -1.48790299    1.00000000    0.00000000    0.62612613    0.00000000    0.20870871    0.04204204    0.00000000    0.00000000    0.00000000    0.12462462    1.00000000    12    65     3
    0.33909116   -1.18353235    1.00000000    0.02715655    0.02236422    0.23961661    0.06709265    0.18530351    0.00000000    0.39616613    0.00000000    0.06230032    1.00000000    13    65     3
    0.33909116    1.78170881    1.00000000    0.00000000    0.05643341    0.00000000    0.01918736    0.23137698    0.00000000    0.00000000    0.00000000    0.69300226    1.00000000    14    65     3
    0.33909116    2.21033711    1.00000000    0.01676647    0.02155689    0.02155689    0.06586826    0.23473054    0.00000000    0.56167665    0.00000000    0.07784431    1.00000000    15    65     3
    0.34534405   -2.23747235    1.00000000    0.03448276    0.02978056    0.63322884    0.08777429    0.00000000    0.05329154    0.00000000    0.16144201    0.00000000    1.00000000    11    66     3
    0.34534405   -1.52628643    1.00000000    0.00000000    0.60416667    0.00000000    0.20089286    0.04761905    0.00000000    0.00000000    0.00000000    0.14434524    1.00000000    12    66     3
    0.34534405   -1.23794734    1.00000000    0.03149606    0.02047244    0.21732283    0.06141732    0.20157480    0.00000000    0.40000000    0.00000000    0.06771654    1.00000000    13    66     3
    0.34534405    1.77345347    1.00000000    0.00000000    0.07077626    0.00000000    0.02397260    0.22602740    0.00000000    0.00000000    0.00000000    0.67922374    1.00000000    14    66     3
    0.34534405    2.16067164    1.00000000    0.01829268    0.02317073    0.02682927    0.06829268    0.23170732    0.00000000    0.55487805    0.00000000    0.07682927    1.00000000    15    66     3
    0.35159694   -2.20825475    1.00000000    0.03481013    0.03164557    0.63607595    0.09651899    0.00000000    0.05063291    0.00000000    0.15031646    0.00000000    1.00000000    11    67     3
    0.35159694   -1.57307407    1.00000000    0.00000000    0.58112094    0.00000000    0.19321534    0.05604720    0.00000000    0.00000000    0.00000000    0.16814159    1.00000000    12    67     3
    0.35159694   -1.29212581    1.00000000    0.03560372    0.01857585    0.19349845    0.05727554    0.21826625    0.00000000    0.40557276    0.00000000    0.07275542    1.00000000    13    67     3
    0.35159694    1.76677499    1.00000000    0.00000000    0.08670520    0.00000000    0.02890173    0.22080925    0.00000000    0.00000000    0.00000000    0.66242775    1.00000000    14    67     3
    0.35159694    2.10684425    1.00000000    0.01865672    0.02363184    0.03358209    0.07213930    0.22885572    0.00000000    0.54726368    0.00000000    0.07587065    1.00000000    15    67     3
    0.35784984   -2.17337841    1.00000000    0.03514377    0.03514377    0.63897764    0.10543131    0.00000000    0.04632588    0.00000000    0.13738019    0.00000000    1.00000000    11    68     3
    0.35784984   -1.62803825    1.00000000    0.00000000    0.55474453    0.00000000    0.18540146    0.06423358    0.00000000    0.00000000    0.00000000    0.19416058    1.00000000    12    68     3
    0.35784984   -1.34023905    1.00000000    0.03799392    0.01823708    0.17021277    0.05471125    0.23252280    0.00000000    0.41033435    0.00000000    0.07750760    1.00000000    13    68     3
    0.35784984    1.76308218    1.00000000    0.00000000    0.10563380    0.00000000    0.03521127    0.21478873    0.00000000    0.00000000    0.00000000    0.64436620    1.00000000    14    68     3
    0.35784984    2.05111820    1.00000000    0.01903553    0.02538071    0.03934010    0.07614213    0.22842640    0.00000000    0.53680203    0.00000000    0.07614213    1.00000000    15    68     3
    0.36410273   -2.13279357    1.00000000    0.03554120    0.03877221    0.64297254    0.11793215    0.00000000    0.04038772    0.00000000    0.12277868    0.00000000    1.00000000    11    69     3
    0.36410273   -1.69075533    1.00000000    0.00000000    0.52813853    0.00000000    0.17604618    0.07359307    0.00000000    0.00000000    0.00000000    0.22222222    1.00000000    12    69     3
    0.36410273   -1.37665845    1.00000000    0.03869048    0.01785714    0.14732143    0.05208333    0.24553571    0.00000000    0.41666667    0.00000000    0.08184524    1.00000000    13    69     3
    0.36410273    1.76375594    1.00000000    0.00000000    0.12738095    0.00000000    0.04285714    0.20714286    0.00000000    0.00000000    0.00000000    0.62261905    1.00000000    14    69     3
    0.36410273    1.99536167    1.00000000    0.01940492    0.02716688    0.04527814    0.08150065    0.22768435    0.00000000    0.52393273    0.00000000    0.07632600    1.00000000    15    69     3
    0.37035562   -2.08659970    1.00000000    0.03594771    0.04411765    0.64542484    0.13235294    0.00000000    0.03594771    0.00000000    0.10784314    0.00000000    1.00000000    11    70     3
    0.37035562   -1.76065396    1.00000000    0.00000000    0.50000000    0.00000000    0.16714286    0.08285714    0.00000000    0.00000000    0.00000000    0.25000000    1.00000000    12    70     3
    0.37035562   -1.39663847    1.00000000    0.03941606    0.01605839    0.12992701    0.04963504    0.25401460    0.00000000    0.42481752    0.00000000    0.08467153    1.00000000    13    70     3
    0.37035562    1.76985749    1.00000000    0.00000000    0.14993954    0.00000000    0.04957678    0.19951632    0.00000000    0.00000000    0.00000000    0.59975816    1.00000000    14    70     3
    0.37035562    1.94121451    1.00000000    0.01846966    0.02902375    0.05013193    0.08839050    0.22823219    0.00000000    0.50791557    0.00000000    0.07651715    1.00000000    15    70     3
    0.37660852   -2.03498809    1.00000000    0.03636364    0.04958678    0.64793388    0.14710744    0.00000000    0.02975207    0.00000000    0.08925620    0.00000000    1.00000000    11    71     3
    0.37660852   -1.83688257    1.00000000    0.00000000    0.47175141    0.00000000    0.15677966    0.09322034    0.00000000    0.00000000    0.00000000    0.27824859    1.00000000    12    71     3
    0.37660852   -1.39668866    1.00000000    0.03868195    0.01719198    0.11461318    0.05014327    0.25787966    0.00000000    0.43409742    0.00000000    0.08595989    1.00000000    13    71     3
    0.37660852    1.78228441    1.00000000    0.00000000    0.17423313    0.00000000    0.05766871    0.19141104    0.00000000    0.00000000    0.00000000    0.57546012    1.00000000    14    71     3
    0.37660852    1.89028649    1.00000000    0.01881720    0.03225806    0.05510753    0.09677419    0.23118280    0.00000000    0.48924731    0.00000000    0.07661290    1.00000000    15    71     3
    0.38286141   -1.97842560    1.00000000    0.03511706    0.05518395    0.65050167    0.16387960    0.00000000    0.02341137    0.00000000    0.07190635    0.00000000    1.00000000    11    72     3
    0.38286141   -1.91850529    1.00000000    0.00000000    0.44413408    0.00000000    0.14804469    0.10195531    0.00000000    0.00000000    0.00000000    0.30586592    1.00000000    12    72     3
    0.38286141   -1.37522130    1.00000000    0.03943662    0.01690141    0.10563380    0.05211268    0.25492958    0.00000000    0.44647887    0.00000000    0.08450704    1.00000000    13    72     3
    0.38286141    1.80150897    1.00000000    0.00000000    0.19900498    0.00000000    0.06592040    0.18407960    0.00000000    0.00000000    0.00000000    0.55099502    1.00000000    14    72     3
    0.38286141    1.84411495    1.00000000    0.01915185    0.03556772    0.05882353    0.10670315    0.23529412    0.00000000    0.46648427    0.00000000    0.07797538    1.00000000    15    72     3
    0.38911431   -2.00438344    1.00000000    0.00000000    0.41770401    0.00000000    0.13969571    0.11065007    0.00000000    0.00000000    0.00000000    0.33195021    1.00000000    11    73     3
    0.38911431   -1.91765161    1.00000000    0.03547297    0.06081081    0.65033784    0.18074324    0.00000000    0.01858108    0.00000000    0.05405405    0.00000000    1.00000000    12    73     3
    0.38911431   -1.33260302    1.00000000    0.03883495    0.01803051    0.09986130    0.05409154    0.24549237    0.00000000    0.46047157    0.00000000    0.08183079    1.00000000    13    73     3
    0.38911431    1.80435251    1.00000000    0.01947149    0.03894298    0.05980529    0.11821975    0.24200278    0.00000000    0.44089013    0.00000000    0.08066759    1.00000000    14    73     3
    0.38911431    1.82772912    1.00000000    0.00000000    0.22446406    0.00000000    0.07440101    0.17528373    0.00000000    0.00000000    0.00000000    0.52585120    1.00000000    15    73     3
    0.39536720   -2.09331294    1.00000000    0.00000000    0.39315068    0.00000000    0.13150685    0.11917808    0.00000000    0.00000000    0.00000000    0.35616438    1.00000000    11    74     3
    0.39536720   -1.85376846    1.00000000    0.03242321    0.06655290    0.65017065    0.19965870    0.00000000    0.01194539    0.00000000    0.03754266    0.00000000    1.00000000    12    74     3
    0.39536720   -1.27112758    1.00000000    0.03835616    0.01917808    0.09863014    0.05753425    0.23150685    0.00000000    0.47808219    0.00000000    0.07671233    1.00000000    13    74     3
    0.39536720    1.77264962    1.00000000    0.01974612    0.04372355    0.06064880    0.13117066    0.24964739    0.00000000    0.41043724    0.00000000    0.08321580    1.00000000    14    74     3
    0.39536720    1.86086765    1.00000000    0.00000000    0.25000000    0.00000000    0.08290816    0.16709184    0.00000000    0.00000000    0.00000000    0.50000000    1.00000000    15    74     3
    0.40162010   -2.18405630    1.00000000    0.00000000    0.36956522    0.00000000    0.12364130    0.12635870    0.00000000    0.00000000    0.00000000    0.38043478    1.00000000    11    75     3
    0.40162010   -1.78829833    1.00000000    0.03098107    0.07228916    0.64888124    0.21858864    0.00000000    0.00688468    0.00000000    0.02237522    0.00000000    1.00000000    12    75     3
    0.40162010   -1.19441240    1.00000000    0.03929539    0.02032520    0.10027100    0.05962060    0.21273713    0.00000000    0.49864499    0.00000000    0.07046070    1.00000000    13    75     3
    0.40162010    1.75087356    1.00000000    0.02142857    0.04857143    0.06000000    0.14714286    0.26000000    0.00000000    0.37571429    0.00000000    0.08714286    1.00000000    14    75     3
    0.40162010    1.90053595    1.00000000    0.00000000    0.27448454    0.00000000    0.09149485    0.15850515    0.00000000    0.00000000    0.00000000    0.47551546    1.00000000    15    75     3
    0.40787299   -2.27531458    1.00000000    0.00000000    0.34952767    0.00000000    0.11605938    0.13360324    0.00000000    0.00000000    0.00000000    0.40080972    1.00000000    11    76     3
    0.40787299   -1.72324300    1.00000000    0.02768166    0.07785467    0.64359862    0.23529412    0.00000000    0.00346021    0.00000000    0.01038062    0.00000000    1.00000000    12    76     3
    0.40787299   -1.10701772    1.00000000    0.03897849    0.02016129    0.10483871    0.06048387    0.18951613    0.00000000    0.52284946    0.00000000    0.06317204    1.00000000    13    76     3
    0.40787299    1.74090100    1.00000000    0.02167630    0.05491329    0.05635838    0.16618497    0.27167630    0.00000000    0.33815029    0.00000000    0.09104046    1.00000000    14    76     3
    0.40787299    1.94616276    1.00000000    0.00000000    0.29778934    0.00000000    0.09882965    0.15084525    0.00000000    0.00000000    0.00000000    0.45253576    1.00000000    15    76     3
    0.40787299    2.42598648    1.00000000    0.07790368    0.02549575    0.10198300    0.07790368    0.00000000    0.17847025    0.00000000    0.53682720    0.00000000    1.00000000    16    76     3
    0.41412588   -2.36585102    1.00000000    0.00000000    0.32931727    0.00000000    0.10977242    0.14056225    0.00000000    0.00000000    0.00000000    0.42034806    1.00000000    11    77     3
    0.41412588   -1.66106317    1.00000000    0.02430556    0.08333333    0.63541667    0.25173611    0.00000000    0.00173611    0.00000000    0.00347222    0.00000000    1.00000000    12    77     3
    0.41412588   -1.01390478    1.00000000    0.03877005    0.02005348    0.11229947    0.06016043    0.16577540    0.00000000    0.54946524    0.00000000    0.05481283    1.00000000    13    77     3
    0.41412588    1.74455669    1.00000000    0.02328967    0.06259098    0.05240175    0.18777293    0.28384279    0.00000000    0.29548763    0.00000000    0.09461426    1.00000000    14    77     3
    0.41412588    1.99698463    1.00000000    0.00000000    0.31937173    0.00000000    0.10602094    0.14397906    0.00000000    0.00000000    0.00000000    0.43062827    1.00000000    15    77     3
    0.41412588    2.33807154    1.00000000    0.07616361    0.03102962    0.08744711    0.09167842    0.00000000    0.17912553    0.00000000    0.53596615    0.00000000    1.00000000    16    77     3
    0.42037878   -2.45444667    1.00000000    0.00000000    0.31291611    0.00000000    0.10386152    0.14513981    0.00000000    0.00000000    0.00000000    0.43675100    1.00000000    11    78     3
    0.42037878   -1.60463367    1.00000000    0.02079723    0.08838821    0.62218371    0.26343154    0.00000000    0.00173310    0.00000000    0.00346620    0.00000000    1.00000000    12    78     3
    0.42037878   -0.92001122    1.00000000    0.03728362    0.01864181    0.11984021    0.05725699    0.13981358    0.00000000    0.57789614    0.00000000    0.04660453    1.00000000    13    78     3
    0.42037878    1.76342302    1.00000000    0.02485380    0.07017544    0.04678363    0.21198830    0.29532164    0.00000000    0.25146199    0.00000000    0.09795322    1.00000000    14    78     3
    0.42037878    2.05205061    1.00000000    0.00000000    0.34078947    0.00000000    0.11315789    0.13684211    0.00000000    0.00000000    0.00000000    0.40921053    1.00000000    15    78     3
    0.42037878    2.26183003    1.00000000    0.07313643    0.03516174    0.07172996    0.10689170    0.00000000    0.17721519    0.00000000    0.53305204    0.00000000    1.00000000    16    78     3
    0.42663167   -1.55711485    1.00000000    0.01724138    0.09137931    0.60689655    0.27241379    0.00000000    0.00344828    0.00000000    0.01034483    0.00000000    1.00000000    12    79     3
    0.42663167   -0.82976087    1.00000000    0.03723404    0.01728723    0.13031915    0.05319149    0.11569149    0.00000000    0.60904255    0.00000000    0.03856383    1.00000000    13    79     3
    0.42663167    1.79853360    1.00000000    0.02635432    0.07906296    0.04099561    0.23865300    0.30600293    0.00000000    0.20644217    0.00000000    0.10248902    1.00000000    14    79     3
    0.42663167    2.11027213    1.00000000    0.00000000    0.35978836    0.00000000    0.12037037    0.12962963    0.00000000    0.00000000    0.00000000    0.39021164    1.00000000    15    79     3
    0.42663167    2.20001908    1.00000000    0.07022472    0.04213483    0.05758427    0.12640449    0.00000000    0.17556180    0.00000000    0.52668539    0.00000000    1.00000000    16    79     3
    0.43288457   -1.52165161    1.00000000    0.01194539    0.09215017    0.58532423    0.27645051    0.00000000    0.00853242    0.00000000    0.02559727    0.00000000    1.00000000    12    80     3
    0.43288457   -0.74676326    1.00000000    0.03595206    0.01597870    0.13981358    0.04660453    0.09187750    0.00000000    0.64047936    0.00000000    0.03062583    1.00000000    13    80     3
    0.43288457    1.85016143    1.00000000    0.02773723    0.08905109    0.03357664    0.26715328    0.31532847    0.00000000    0.16350365    0.00000000    0.10510949    1.00000000    14    80     3
    0.43288457    2.15502473    1.00000000    0.06601124    0.05056180    0.04494382    0.15028090    0.00000000    0.17275281    0.00000000    0.51685393    0.00000000    1.00000000    15    80     3
    0.43288457    2.17043073    1.00000000    0.00000000    0.37665782    0.00000000    0.12599469    0.12466844    0.00000000    0.00000000    0.00000000    0.37267905    1.00000000    16    80     3
    0.43913746   -2.43190661    1.00000000    0.00000000    0.30152672    0.00000000    0.10050891    0.00000000    0.44783715    0.00000000    0.14885496    0.00000000    1.00000000    11    81     3
    0.43913746   -1.50109623    1.00000000    0.00841751    0.09090909    0.56060606    0.27441077    0.00000000    0.01683502    0.00000000    0.04882155    0.00000000    1.00000000    12    81     3
    0.43913746   -0.67355811    1.00000000    0.03337784    0.01335113    0.14953271    0.04005340    0.07076101    0.00000000    0.66889186    0.00000000    0.02403204    1.00000000    13    81     3
    0.43913746    1.91741499    1.00000000    0.02898551    0.09855072    0.02608696    0.29420290    0.32028986    0.00000000    0.12318841    0.00000000    0.10724638    1.00000000    14    81     3
    0.43913746    2.12823282    1.00000000    0.06179775    0.05898876    0.03370787    0.17556180    0.00000000    0.16853933    0.00000000    0.50421348    0.00000000    1.00000000    15    81     3
    0.43913746    2.23122680    1.00000000    0.00000000    0.39309429    0.00000000    0.13147410    0.11952191    0.00000000    0.00000000    0.00000000    0.35723772    1.00000000    16    81     3
    0.44539036   -2.34558926    1.00000000    0.00000000    0.29911280    0.00000000    0.10012674    0.00000000    0.44993663    0.00000000    0.14955640    0.00000000    1.00000000    11    82     3
    0.44539036   -1.49757121    1.00000000    0.00496689    0.08940397    0.52980132    0.26986755    0.00000000    0.02649007    0.00000000    0.07947020    0.00000000    1.00000000    12    82     3
    0.44539036   -0.61142859    1.00000000    0.03217158    0.01072386    0.15817694    0.03351206    0.05227882    0.00000000    0.69571046    0.00000000    0.01742627    1.00000000    13    82     3
    0.44539036    1.99826162    1.00000000    0.02869440    0.10760402    0.02008608    0.32281205    0.32281205    0.00000000    0.09038737    0.00000000    0.10760402    1.00000000    14    82     3
    0.44539036    2.12001981    1.00000000    0.05477528    0.06882022    0.02387640    0.20505618    0.00000000    0.16151685    0.00000000    0.48595506    0.00000000    1.00000000    15    82     3
    0.44539036    2.29122579    1.00000000    0.00000000    0.40770252    0.00000000    0.13545817    0.11420983    0.00000000    0.00000000    0.00000000    0.34262948    1.00000000    16    82     3
    0.45164325   -2.26342922    1.00000000    0.00000000    0.29671717    0.00000000    0.09848485    0.00000000    0.45328283    0.00000000    0.15151515    0.00000000    1.00000000    11    83     3
    0.45164325   -1.51222071    1.00000000    0.00324149    0.08752026    0.49432739    0.26256078    0.00000000    0.03727715    0.00000000    0.11345219    0.00000000    1.00000000    12    83     3
    0.45164325   -0.56058510    1.00000000    0.02964960    0.00808625    0.16576819    0.02560647    0.03773585    0.00000000    0.71967655    0.00000000    0.01212938    1.00000000    13    83     3
    0.45164325    2.08935734    1.00000000    0.02695035    0.11631206    0.01418440    0.34893617    0.32340426    0.00000000    0.06241135    0.00000000    0.10780142    1.00000000    14    83     3
    0.45164325    2.12907695    1.00000000    0.04634831    0.07865169    0.01544944    0.23595506    0.00000000    0.15589888    0.00000000    0.46629213    0.00000000    1.00000000    15    83     3
    0.45164325    2.34903746    1.00000000    0.00000000    0.41909814    0.00000000    0.13925729    0.11007958    0.00000000    0.00000000    0.00000000    0.33023873    1.00000000    16    83     3
    0.45789614   -2.18707645    1.00000000    0.00000000    0.29433962    0.00000000    0.09811321    0.00000000    0.45534591    0.00000000    0.15220126    0.00000000    1.00000000    11    84     3
    0.45789614   -1.54508990    1.00000000    0.00158479    0.08399366    0.45641838    0.25356577    0.00000000    0.05071315    0.00000000    0.15372425    0.00000000    1.00000000    12    84     3
    0.45789614   -0.52041377    1.00000000    0.02710027    0.00677507    0.17344173    0.01897019    0.02574526    0.00000000    0.73848238    0.00000000    0.00813008    1.00000000    13    84     3
    0.45789614    2.15258903    1.00000000    0.03792135    0.08848315    0.00983146    0.26685393    0.00000000    0.14887640    0.00000000    0.44662921    0.00000000    1.00000000    14    84     3
    0.45789614    2.18628058    1.00000000    0.02377622    0.12447552    0.00979021    0.37482517    0.31888112    0.00000000    0.04055944    0.00000000    0.10629371    1.00000000    15    84     3
    0.45789614    2.40309932    1.00000000    0.00000000    0.43046358    0.00000000    0.14304636    0.10596026    0.00000000    0.00000000    0.00000000    0.31920530    1.00000000    16    84     3
    0.46414904   -2.11825475    1.00000000    0.00000000    0.29323308    0.00000000    0.09774436    0.00000000    0.45739348    0.00000000    0.15288221    0.00000000    1.00000000    11    85     3
    0.46414904   -1.59512610    1.00000000    0.00000000    0.08191654    0.41267388    0.24574961    0.00000000    0.06491499    0.00000000    0.19474498    0.00000000    1.00000000    12    85     3
    0.46414904   -0.48969204    1.00000000    0.02592087    0.00409277    0.18008186    0.01364256    0.01637108    0.00000000    0.75443383    0.00000000    0.00545703    1.00000000    13    85     3
    0.46414904    2.18633759    1.00000000    0.02949438    0.09971910    0.00561798    0.29775281    0.00000000    0.14185393    0.00000000    0.42696629    0.00000000    1.00000000    14    85     3
    0.46414904    2.28383972    1.00000000    0.02068966    0.13241379    0.00689655    0.39724138    0.31310345    0.00000000    0.02620690    0.00000000    0.10482759    1.00000000    15    85     3
    0.46414904    2.45197833    1.00000000    0.00000000    0.43915344    0.00000000    0.14682540    0.10317460    0.00000000    0.00000000    0.00000000    0.31084656    1.00000000    16    85     3
    0.47040193   -2.05875010    1.00000000    0.00000000    0.29088639    0.00000000    0.09737828    0.00000000    0.45942572    0.00000000    0.15355805    0.00000000    1.00000000    11    86     3
    0.47040193   -1.66029639    1.00000000    0.00000000    0.07969925    0.36240602    0.23909774    0.00000000    0.07969925    0.00000000    0.23909774    0.00000000    1.00000000    12    86     3
    0.47040193   -0.46703296    1.00000000    0.02469136    0.00274348    0.18518519    0.00823045    0.00960219    0.00000000    0.76680384    0.00000000    0.00274348    1.00000000    13    86     3
    0.47040193    2.22512250    1.00000000    0.01960784    0.10784314    0.00420168    0.32352941    0.00000000    0.13585434    0.00000000    0.40756303    0.00000000    1.00000000    14    86     3
    0.47040193    2.37610629    1.00000000    0.01494565    0.13858696    0.00407609    0.41711957    0.30706522    0.00000000    0.01494565    0.00000000    0.10190217    1.00000000    15    86     3
    0.47040193    2.44964430    1.00000000    0.00000000    0.37138927    0.00000000    0.12379642    0.00000000    0.37826685    0.00000000    0.12654746    0.00000000    1.00000000    16    86     3
    0.47040193    2.49427003    1.00000000    0.00000000    0.44649934    0.00000000    0.14927345    0.10171731    0.00000000    0.00000000    0.00000000    0.30383091    1.00000000    17    86     3
    0.47665482   -2.46435156    1.00000000    0.00157978    0.04107425    0.49763033    0.12164297    0.00000000    0.08372828    0.00000000    0.25276461    0.00000000    1.00000000    10    87     3
    0.47665482   -2.01031965    1.00000000    0.00000000    0.28891656    0.00000000    0.09589041    0.00000000    0.46077210    0.00000000    0.15317559    0.00000000    1.00000000    11    87     3
    0.47665482   -1.73760541    1.00000000    0.00000000    0.08005822    0.30131004    0.23871907    0.00000000    0.09461426    0.00000000    0.28529840    0.00000000    1.00000000    12    87     3
    0.47665482   -0.45105377    1.00000000    0.02341598    0.00137741    0.18870523    0.00413223    0.00550964    0.00000000    0.77548209    0.00000000    0.00137741    1.00000000    13    87     3
    0.47665482    2.26321053    1.00000000    0.01258741    0.11608392    0.00139860    0.34685315    0.00000000    0.13146853    0.00000000    0.39300699    0.00000000    1.00000000    14    87     3
    0.47665482    2.39614908    1.00000000    0.00000000    0.37482711    0.00000000    0.12448133    0.00000000    0.37621024    0.00000000    0.12586445    0.00000000    1.00000000    15    87     3
    0.47665482    2.45697406    1.00000000    0.00939597    0.14496644    0.00268456    0.43489933    0.30067114    0.00000000    0.00805369    0.00000000    0.10067114    1.00000000    16    87     3
    0.48290772   -2.34698616    1.00000000    0.00164474    0.03289474    0.59868421    0.09868421    0.00000000    0.06743421    0.00000000    0.20065789    0.00000000    1.00000000    10    88     3
    0.48290772   -1.97443099    1.00000000    0.00000000    0.28819876    0.00000000    0.09565217    0.00000000    0.46211180    0.00000000    0.15403727    0.00000000    1.00000000    11    88     3
    0.48290772   -1.82227306    1.00000000    0.00000000    0.08228731    0.22036262    0.24546722    0.00000000    0.11297071    0.00000000    0.34030683    0.00000000    1.00000000    12    88     3
    0.48290772   -0.44053755    1.00000000    0.02209945    0.00138122    0.19060773    0.00276243    0.00276243    0.00000000    0.78038674    0.00000000    0.00138122    1.00000000    13    88     3
    0.48290772    2.29515482    1.00000000    0.00558659    0.12150838    0.00139665    0.36452514    0.00000000    0.12709497    0.00000000    0.38128492    0.00000000    1.00000000    14    88     3
    0.48290772    2.35646717    1.00000000    0.00000000    0.37777778    0.00000000    0.12500000    0.00000000    0.37361111    0.00000000    0.12500000    0.00000000    1.00000000    15    88     3
    0.48916061   -2.24680969    1.00000000    0.00177305    0.01773050    0.78900709    0.05319149    0.00000000    0.03546099    0.00000000    0.10460993    0.00000000    1.00000000    10    89     3
    0.48916061   -1.95237647    1.00000000    0.00000000    0.28784119    0.00000000    0.09553350    0.00000000    0.46277916    0.00000000    0.15384615    0.00000000    1.00000000    11    89     3
    0.48916061   -1.90338074    1.00000000    0.00000000    0.08781127    0.10091743    0.26605505    0.00000000    0.13630406    0.00000000    0.41022280    0.00000000    1.00000000    12    89     3
    0.48916061   -0.43459840    1.00000000    0.02216066    0.00000000    0.19252078    0.00000000    0.00000000    0.00000000    0.78393352    0.00000000    0.00000000    1.00000000    13    89     3
    0.48916061    2.31635469    1.00000000    0.00139470    0.12552301    0.00000000    0.37517434    0.00000000    0.12412831    0.00000000    0.37377964    0.00000000    1.00000000    14    89     3
    0.48916061    2.33202194    1.00000000    0.00000000    0.37883008    0.00000000    0.12534819    0.00000000    0.37186630    0.00000000    0.12395543    0.00000000    1.00000000    15    89     3
    0.49541351   -2.19897722    1.00000000    0.00191571    0.00000000    0.99808429    0.00000000    0.00000000    0.00000000    0.00000000    0.00000000    0.00000000    1.00000000    10    90     3
    0.49541351   -1.94496279    1.00000000    0.00000000    0.28535980    0.00000000    0.09677419    0.00000000    0.46153846    0.00000000    0.15632754    0.00000000    1.00000000    11    90     3
    0.49541351   -1.94492417    1.00000000    0.00000000    0.09677419    0.00000000    0.28535980    0.00000000    0.15632754    0.00000000    0.46153846    0.00000000    1.00000000    12    90     3
    0.49541351   -0.43269856    1.00000000    0.02216066    0.00000000    0.19252078    0.00000000    0.00000000    0.00000000    0.78531856    0.00000000    0.00000000    1.00000000    13    90     3
    0.49541351    2.32375678    1.00000000    0.00000000    0.12813370    0.00000000    0.37743733    0.00000000    0.12534819    0.00000000    0.36908078    0.00000000    1.00000000    14    90     3
    0.49541351    2.32377643    1.00000000    0.00000000    0.37743733    0.00000000    0.12813370    0.00000000    0.36908078    0.00000000    0.12534819    0.00000000    1.00000000    15    90     3
