  0.00000000E+00 -0.50431631E+01
  0.26312006E-01 -0.50393116E+01
  0.52624012E-01 -0.50306719E+01
  0.78936018E-01 -0.50173944E+01
  0.10524802E+00 -0.49997911E+01
  0.13156003E+00 -0.49782635E+01
  0.15787204E+00 -0.49532116E+01
  0.18418404E+00 -0.49249545E+01
  0.21049605E+00 -0.48936886E+01
  0.23680805E+00 -0.48594936E+01
  0.26312006E+00 -0.48223859E+01
  0.28943207E+00 -0.47824017E+01
  0.31574407E+00 -0.47396909E+01
  0.34205608E+00 -0.46946006E+01
  0.36836809E+00 -0.46477338E+01
  0.39468009E+00 -0.45999736E+01
  0.42099210E+00 -0.45524696E+01
  0.44730410E+00 -0.45065878E+01
  0.47361611E+00 -0.44638322E+01
  0.49992812E+00 -0.44257482E+01
  0.52624012E+00 -0.43938152E+01
  0.55255213E+00 -0.43693258E+01
  0.57886413E+00 -0.43532354E+01
  0.60517614E+00 -0.43459791E+01
  0.63148815E+00 -0.43473002E+01
  0.65780015E+00 -0.43561875E+01
  0.68411216E+00 -0.43710098E+01
  0.71042416E+00 -0.43898264E+01
  0.73673617E+00 -0.44107488E+01
  0.76304818E+00 -0.44322086E+01
  0.78936018E+00 -0.44530622E+01
  0.81567219E+00 -0.44725376E+01
  0.84198420E+00 -0.44900865E+01
  0.86829620E+00 -0.45052158E+01
  0.89460821E+00 -0.45173562E+01
  0.92092021E+00 -0.45257961E+01
  0.94723222E+00 -0.45296755E+01
  0.97354423E+00 -0.45280241E+01
  0.99985623E+00 -0.45198304E+01
  0.10261682E+01 -0.45041463E+01
  0.10524802E+01 -0.44879836E+01
  0.10787923E+01 -0.45508689E+01
  0.11051043E+01 -0.46081456E+01
  0.11314163E+01 -0.46594265E+01
  0.11577283E+01 -0.47044363E+01
  0.11840403E+01 -0.47428157E+01
  0.12103523E+01 -0.47741629E+01
  0.12366643E+01 -0.47981192E+01
  0.12629763E+01 -0.48144684E+01
  0.12892883E+01 -0.48232175E+01
  0.13156003E+01 -0.48246294E+01
  0.13419123E+01 -0.48227066E+01
  0.13682243E+01 -0.48127334E+01
  0.13945363E+01 -0.47950921E+01
  0.14208483E+01 -0.47707588E+01
  0.14471603E+01 -0.47410897E+01
  0.14734723E+01 -0.47075007E+01
  0.14997843E+01 -0.46711849E+01
  0.15260964E+01 -0.46330102E+01
  0.15524084E+01 -0.45958200E+01
  0.15787204E+01 -0.46579157E+01
  0.16050324E+01 -0.47277006E+01
  0.16313444E+01 -0.47940526E+01
  0.16576564E+01 -0.48556852E+01
  0.16839684E+01 -0.49113782E+01
  0.17102804E+01 -0.49602784E+01
  0.17365924E+01 -0.50021389E+01
  0.17629044E+01 -0.50373670E+01
  0.17892164E+01 -0.50668889E+01
  0.18155284E+01 -0.50919107E+01
  0.18418404E+01 -0.51136646E+01
  0.18681524E+01 -0.51331894E+01
  0.18944644E+01 -0.51511424E+01
  0.19207764E+01 -0.51676246E+01
  0.19470885E+01 -0.51820442E+01
  0.19735851E+01 -0.51931018E+01
  0.20000817E+01 -0.51896545E+01
  0.20265783E+01 -0.51796205E+01
  0.20530749E+01 -0.51633433E+01
  0.20795716E+01 -0.51411146E+01
  0.21060682E+01 -0.51131253E+01
  0.21325648E+01 -0.50795618E+01
  0.21590614E+01 -0.50407511E+01
  0.21855580E+01 -0.49972471E+01
  0.22120547E+01 -0.49498115E+01
  0.22385513E+01 -0.48993166E+01
  0.22650479E+01 -0.48466343E+01
  0.22915445E+01 -0.47925684E+01
  0.23180411E+01 -0.47378512E+01
  0.23445378E+01 -0.46832130E+01
  0.23710344E+01 -0.46295200E+01
  0.23975310E+01 -0.45779620E+01
  0.24240276E+01 -0.45302202E+01
  0.24505242E+01 -0.44885035E+01
  0.24770209E+01 -0.44553276E+01
  0.25035175E+01 -0.44329889E+01
  0.25300141E+01 -0.44228748E+01
  0.25565107E+01 -0.44249761E+01
  0.25830074E+01 -0.44379625E+01
  0.26095040E+01 -0.44597893E+01
  0.26360006E+01 -0.44884210E+01
  0.26624972E+01 -0.45222733E+01
  0.26889938E+01 -0.45602691E+01
  0.27154905E+01 -0.46016338E+01
  0.27419871E+01 -0.46456107E+01
  0.27684837E+01 -0.46912428E+01
  0.27949803E+01 -0.47373014E+01
  0.28214769E+01 -0.47823766E+01
  0.28479736E+01 -0.48250883E+01
  0.28744702E+01 -0.48643322E+01
  0.29009668E+01 -0.48994601E+01
  0.29274634E+01 -0.49303212E+01
  0.29539600E+01 -0.49571482E+01
  0.29804567E+01 -0.49803371E+01
  0.30069533E+01 -0.50002048E+01
  0.30334499E+01 -0.50168111E+01
  0.30599465E+01 -0.50298894E+01
  0.30864431E+01 -0.50388973E+01
  0.31126231E+01 -0.50431631E+01
  0.31388030E+01 -0.50431631E+01
  0.31649830E+01 -0.50431631E+01
  0.31911629E+01 -0.50431631E+01
  0.32173428E+01 -0.50431631E+01
  0.32435228E+01 -0.50431631E+01
  0.32697027E+01 -0.50431631E+01
  0.32958827E+01 -0.50431631E+01
  0.33220626E+01 -0.50431631E+01
  0.33482425E+01 -0.50431631E+01
  0.33745545E+01 -0.50431631E+01
  0.34008665E+01 -0.50393116E+01
  0.34271786E+01 -0.50306719E+01
  0.34534906E+01 -0.50173944E+01
  0.34798026E+01 -0.49997911E+01
  0.35061146E+01 -0.49782635E+01
  0.35324266E+01 -0.49532116E+01
  0.35587386E+01 -0.49249545E+01
  0.35850506E+01 -0.48936886E+01
  0.36113626E+01 -0.48594936E+01
  0.36376746E+01 -0.48223859E+01
  0.36639866E+01 -0.47824017E+01
  0.36902986E+01 -0.47396909E+01
  0.37166106E+01 -0.46946006E+01
  0.37429226E+01 -0.46477338E+01
  0.37692346E+01 -0.45999736E+01
  0.37955466E+01 -0.45524696E+01
  0.38218586E+01 -0.45065878E+01
  0.38481707E+01 -0.44638322E+01
  0.38744827E+01 -0.44257482E+01
  0.39007947E+01 -0.43938152E+01
  0.39271067E+01 -0.43693258E+01
  0.39534187E+01 -0.43532354E+01
  0.39797307E+01 -0.43459791E+01
  0.40060427E+01 -0.43473002E+01
  0.40323547E+01 -0.43561875E+01
  0.40586667E+01 -0.43710098E+01
  0.40849787E+01 -0.43898264E+01
  0.41112907E+01 -0.44107488E+01
  0.41376027E+01 -0.44322086E+01
  0.41639147E+01 -0.44530622E+01
  0.41902267E+01 -0.44725376E+01
  0.42165387E+01 -0.44900865E+01
  0.42428507E+01 -0.45052158E+01
  0.42691627E+01 -0.45173562E+01
  0.42954748E+01 -0.45257961E+01
  0.43217868E+01 -0.45296755E+01
  0.43480988E+01 -0.45280241E+01
  0.43744108E+01 -0.45198304E+01
  0.44007228E+01 -0.45041463E+01
  0.44270348E+01 -0.44879836E+01
  0.44533468E+01 -0.45508689E+01
  0.44796588E+01 -0.46081456E+01
  0.45059708E+01 -0.46594265E+01
  0.45322828E+01 -0.47044363E+01
  0.45585948E+01 -0.47428157E+01
  0.45849068E+01 -0.47741629E+01
  0.46112188E+01 -0.47981192E+01
  0.46375308E+01 -0.48144684E+01
  0.46638428E+01 -0.48232175E+01
  0.46901548E+01 -0.48246294E+01
  0.47164669E+01 -0.48227066E+01
  0.47427789E+01 -0.48127334E+01
  0.47690909E+01 -0.47950921E+01
  0.47954029E+01 -0.47707588E+01
  0.48217149E+01 -0.47410897E+01
  0.48480269E+01 -0.47075007E+01
  0.48743389E+01 -0.46711849E+01
  0.49006509E+01 -0.46330102E+01
  0.49269629E+01 -0.45958200E+01
  0.49532749E+01 -0.46579157E+01
  0.49795869E+01 -0.47277006E+01
  0.50058989E+01 -0.47940526E+01
  0.50322109E+01 -0.48556852E+01
  0.50585229E+01 -0.49113782E+01
  0.50848349E+01 -0.49602784E+01
  0.51111469E+01 -0.50021389E+01
  0.51374589E+01 -0.50373670E+01
  0.51637710E+01 -0.50668889E+01
  0.51900830E+01 -0.50919107E+01
  0.52163950E+01 -0.51136646E+01
  0.52427070E+01 -0.51331894E+01
  0.52690190E+01 -0.51511424E+01
  0.52953310E+01 -0.51676246E+01
  0.53216430E+01 -0.51820442E+01
  0.53481396E+01 -0.51931018E+01
  0.53746362E+01 -0.51896545E+01
  0.54011329E+01 -0.51796205E+01
  0.54276295E+01 -0.51633433E+01
  0.54541261E+01 -0.51411146E+01
  0.54806227E+01 -0.51131253E+01
  0.55071193E+01 -0.50795618E+01
  0.55336160E+01 -0.50407511E+01
  0.55601126E+01 -0.49972471E+01
  0.55866092E+01 -0.49498115E+01
  0.56131058E+01 -0.48993166E+01
  0.56396024E+01 -0.48466343E+01
  0.56660991E+01 -0.47925684E+01
  0.56925957E+01 -0.47378512E+01
  0.57190923E+01 -0.46832130E+01
  0.57455889E+01 -0.46295200E+01
  0.57720855E+01 -0.45779620E+01
  0.57985822E+01 -0.45302202E+01
  0.58250788E+01 -0.44885035E+01
  0.58515754E+01 -0.44553276E+01
  0.58780720E+01 -0.44329889E+01
  0.59045687E+01 -0.44228748E+01
  0.59310653E+01 -0.44249761E+01
  0.59575619E+01 -0.44379625E+01
  0.59840585E+01 -0.44597893E+01
  0.60105551E+01 -0.44884210E+01
  0.60370518E+01 -0.45222733E+01
  0.60635484E+01 -0.45602691E+01
  0.60900450E+01 -0.46016338E+01
  0.61165416E+01 -0.46456107E+01
  0.61430382E+01 -0.46912428E+01
  0.61695349E+01 -0.47373014E+01
  0.61960315E+01 -0.47823766E+01
  0.62225281E+01 -0.48250883E+01
  0.62490247E+01 -0.48643322E+01
  0.62755213E+01 -0.48994601E+01
  0.63020180E+01 -0.49303212E+01
  0.63285146E+01 -0.49571482E+01
  0.63550112E+01 -0.49803371E+01
  0.63815078E+01 -0.50002048E+01
  0.64080044E+01 -0.50168111E+01
  0.64345011E+01 -0.50298894E+01
  0.64609977E+01 -0.50388973E+01
  0.64873097E+01 -0.50431631E+01
  
  0.00000000E+00 -0.20484867E+01
  0.26312006E-01 -0.20585835E+01
  0.52624012E-01 -0.20764287E+01
  0.78936018E-01 -0.21013246E+01
  0.10524802E+00 -0.21327514E+01
  0.13156003E+00 -0.21704720E+01
  0.15787204E+00 -0.22144835E+01
  0.18418404E+00 -0.22648759E+01
  0.21049605E+00 -0.23216573E+01
  0.23680805E+00 -0.23845985E+01
  0.26312006E+00 -0.24531383E+01
  0.28943207E+00 -0.25263635E+01
  0.31574407E+00 -0.26030577E+01
  0.34205608E+00 -0.26817891E+01
  0.36836809E+00 -0.27610100E+01
  0.39468009E+00 -0.28391504E+01
  0.42099210E+00 -0.29146983E+01
  0.44730410E+00 -0.29862497E+01
  0.47361611E+00 -0.30525127E+01
  0.49992812E+00 -0.31122554E+01
  0.52624012E+00 -0.31642264E+01
  0.55255213E+00 -0.32071096E+01
  0.57886413E+00 -0.32395921E+01
  0.60517614E+00 -0.32605866E+01
  0.63148815E+00 -0.32695582E+01
  0.65780015E+00 -0.32668129E+01
  0.68411216E+00 -0.32536215E+01
  0.71042416E+00 -0.32921733E+01
  0.73673617E+00 -0.33959533E+01
  0.76304818E+00 -0.35000067E+01
  0.78936018E+00 -0.36035022E+01
  0.81567219E+00 -0.37058219E+01
  0.84198420E+00 -0.38064316E+01
  0.86829620E+00 -0.39048149E+01
  0.89460821E+00 -0.40004452E+01
  0.92092021E+00 -0.40927833E+01
  0.94723222E+00 -0.41812910E+01
  0.97354423E+00 -0.42654553E+01
  0.99985623E+00 -0.43448173E+01
  0.10261682E+01 -0.44189976E+01
  0.10524802E+01 -0.44799487E+01
  0.10787923E+01 -0.44475404E+01
  0.11051043E+01 -0.44063518E+01
  0.11314163E+01 -0.43572395E+01
  0.11577283E+01 -0.43014604E+01
  0.11840403E+01 -0.42408527E+01
  0.12103523E+01 -0.41779368E+01
  0.12366643E+01 -0.41163031E+01
  0.12629763E+01 -0.40614582E+01
  0.12892883E+01 -0.40218210E+01
  0.13156003E+01 -0.40076229E+01
  0.13419123E+01 -0.40206532E+01
  0.13682243E+01 -0.40633815E+01
  0.13945363E+01 -0.41258890E+01
  0.14208483E+01 -0.41990141E+01
  0.14471603E+01 -0.42767532E+01
  0.14734723E+01 -0.43556073E+01
  0.14997843E+01 -0.44337057E+01
  0.15260964E+01 -0.45101520E+01
  0.15524084E+01 -0.45822630E+01
  0.15787204E+01 -0.45517940E+01
  0.16050324E+01 -0.45101365E+01
  0.16313444E+01 -0.44679604E+01
  0.16576564E+01 -0.44260636E+01
  0.16839684E+01 -0.43854827E+01
  0.17102804E+01 -0.43474989E+01
  0.17365924E+01 -0.43134884E+01
  0.17629044E+01 -0.42846542E+01
  0.17892164E+01 -0.42617047E+01
  0.18155284E+01 -0.42446063E+01
  0.18418404E+01 -0.42325330E+01
  0.18681524E+01 -0.42240630E+01
  0.18944644E+01 -0.42175633E+01
  0.19207764E+01 -0.42116380E+01
  0.19470885E+01 -0.42055106E+01
  0.19735851E+01 -0.41992451E+01
  0.20000817E+01 -0.41896797E+01
  0.20265783E+01 -0.41693749E+01
  0.20530749E+01 -0.41409325E+01
  0.20795716E+01 -0.41067393E+01
  0.21060682E+01 -0.40686195E+01
  0.21325648E+01 -0.40277492E+01
  0.21590614E+01 -0.39847524E+01
  0.21855580E+01 -0.39398571E+01
  0.22120547E+01 -0.38930069E+01
  0.22385513E+01 -0.38438857E+01
  0.22650479E+01 -0.37919013E+01
  0.22915445E+01 -0.37362297E+01
  0.23180411E+01 -0.36759862E+01
  0.23445378E+01 -0.36104742E+01
  0.23710344E+01 -0.35393911E+01
  0.23975310E+01 -0.34629167E+01
  0.24240276E+01 -0.33817518E+01
  0.24505242E+01 -0.33091786E+01
  0.24770209E+01 -0.33025957E+01
  0.25035175E+01 -0.32903026E+01
  0.25300141E+01 -0.32676882E+01
  0.25565107E+01 -0.32331101E+01
  0.25830074E+01 -0.31868603E+01
  0.26095040E+01 -0.31307302E+01
  0.26360006E+01 -0.30671901E+01
  0.26624972E+01 -0.29985953E+01
  0.26889938E+01 -0.29267089E+01
  0.27154905E+01 -0.28526169E+01
  0.27419871E+01 -0.27769397E+01
  0.27684837E+01 -0.27001474E+01
  0.27949803E+01 -0.26228152E+01
  0.28214769E+01 -0.25457587E+01
  0.28479736E+01 -0.24700677E+01
  0.28744702E+01 -0.23970751E+01
  0.29009668E+01 -0.23282720E+01
  0.29274634E+01 -0.22651776E+01
  0.29539600E+01 -0.22091865E+01
  0.29804567E+01 -0.21614291E+01
  0.30069533E+01 -0.21226419E+01
  0.30334499E+01 -0.20929926E+01
  0.30599465E+01 -0.20718355E+01
  0.30864431E+01 -0.20576339E+01
  0.31126231E+01 -0.20484867E+01
  0.31388030E+01 -0.20484867E+01
  0.31649830E+01 -0.20484867E+01
  0.31911629E+01 -0.20484867E+01
  0.32173428E+01 -0.20484867E+01
  0.32435228E+01 -0.20484867E+01
  0.32697027E+01 -0.20484867E+01
  0.32958827E+01 -0.20484867E+01
  0.33220626E+01 -0.20484867E+01
  0.33482425E+01 -0.20484867E+01
  0.33745545E+01 -0.20484867E+01
  0.34008665E+01 -0.20585835E+01
  0.34271786E+01 -0.20764287E+01
  0.34534906E+01 -0.21013246E+01
  0.34798026E+01 -0.21327514E+01
  0.35061146E+01 -0.21704720E+01
  0.35324266E+01 -0.22144835E+01
  0.35587386E+01 -0.22648759E+01
  0.35850506E+01 -0.23216573E+01
  0.36113626E+01 -0.23845985E+01
  0.36376746E+01 -0.24531383E+01
  0.36639866E+01 -0.25263635E+01
  0.36902986E+01 -0.26030577E+01
  0.37166106E+01 -0.26817891E+01
  0.37429226E+01 -0.27610100E+01
  0.37692346E+01 -0.28391504E+01
  0.37955466E+01 -0.29146983E+01
  0.38218586E+01 -0.29862497E+01
  0.38481707E+01 -0.30525127E+01
  0.38744827E+01 -0.31122554E+01
  0.39007947E+01 -0.31642264E+01
  0.39271067E+01 -0.32071096E+01
  0.39534187E+01 -0.32395921E+01
  0.39797307E+01 -0.32605866E+01
  0.40060427E+01 -0.32695582E+01
  0.40323547E+01 -0.32668129E+01
  0.40586667E+01 -0.32536215E+01
  0.40849787E+01 -0.32921733E+01
  0.41112907E+01 -0.33959533E+01
  0.41376027E+01 -0.35000067E+01
  0.41639147E+01 -0.36035022E+01
  0.41902267E+01 -0.37058219E+01
  0.42165387E+01 -0.38064316E+01
  0.42428507E+01 -0.39048149E+01
  0.42691627E+01 -0.40004452E+01
  0.42954748E+01 -0.40927833E+01
  0.43217868E+01 -0.41812910E+01
  0.43480988E+01 -0.42654553E+01
  0.43744108E+01 -0.43448173E+01
  0.44007228E+01 -0.44189976E+01
  0.44270348E+01 -0.44799487E+01
  0.44533468E+01 -0.44475404E+01
  0.44796588E+01 -0.44063518E+01
  0.45059708E+01 -0.43572395E+01
  0.45322828E+01 -0.43014604E+01
  0.45585948E+01 -0.42408527E+01
  0.45849068E+01 -0.41779368E+01
  0.46112188E+01 -0.41163031E+01
  0.46375308E+01 -0.40614582E+01
  0.46638428E+01 -0.40218210E+01
  0.46901548E+01 -0.40076229E+01
  0.47164669E+01 -0.40206532E+01
  0.47427789E+01 -0.40633815E+01
  0.47690909E+01 -0.41258890E+01
  0.47954029E+01 -0.41990141E+01
  0.48217149E+01 -0.42767532E+01
  0.48480269E+01 -0.43556073E+01
  0.48743389E+01 -0.44337057E+01
  0.49006509E+01 -0.45101520E+01
  0.49269629E+01 -0.45822630E+01
  0.49532749E+01 -0.45517940E+01
  0.49795869E+01 -0.45101365E+01
  0.50058989E+01 -0.44679604E+01
  0.50322109E+01 -0.44260636E+01
  0.50585229E+01 -0.43854827E+01
  0.50848349E+01 -0.43474989E+01
  0.51111469E+01 -0.43134884E+01
  0.51374589E+01 -0.42846542E+01
  0.51637710E+01 -0.42617047E+01
  0.51900830E+01 -0.42446063E+01
  0.52163950E+01 -0.42325330E+01
  0.52427070E+01 -0.42240630E+01
  0.52690190E+01 -0.42175633E+01
  0.52953310E+01 -0.42116380E+01
  0.53216430E+01 -0.42055106E+01
  0.53481396E+01 -0.41992451E+01
  0.53746362E+01 -0.41896797E+01
  0.54011329E+01 -0.41693749E+01
  0.54276295E+01 -0.41409325E+01
  0.54541261E+01 -0.41067393E+01
  0.54806227E+01 -0.40686195E+01
  0.55071193E+01 -0.40277492E+01
  0.55336160E+01 -0.39847524E+01
  0.55601126E+01 -0.39398571E+01
  0.55866092E+01 -0.38930069E+01
  0.56131058E+01 -0.38438857E+01
  0.56396024E+01 -0.37919013E+01
  0.56660991E+01 -0.37362297E+01
  0.56925957E+01 -0.36759862E+01
  0.57190923E+01 -0.36104742E+01
  0.57455889E+01 -0.35393911E+01
  0.57720855E+01 -0.34629167E+01
  0.57985822E+01 -0.33817518E+01
  0.58250788E+01 -0.33091786E+01
  0.58515754E+01 -0.33025957E+01
  0.58780720E+01 -0.32903026E+01
  0.59045687E+01 -0.32676882E+01
  0.59310653E+01 -0.32331101E+01
  0.59575619E+01 -0.31868603E+01
  0.59840585E+01 -0.31307302E+01
  0.60105551E+01 -0.30671901E+01
  0.60370518E+01 -0.29985953E+01
  0.60635484E+01 -0.29267089E+01
  0.60900450E+01 -0.28526169E+01
  0.61165416E+01 -0.27769397E+01
  0.61430382E+01 -0.27001474E+01
  0.61695349E+01 -0.26228152E+01
  0.61960315E+01 -0.25457587E+01
  0.62225281E+01 -0.24700677E+01
  0.62490247E+01 -0.23970751E+01
  0.62755213E+01 -0.23282720E+01
  0.63020180E+01 -0.22651776E+01
  0.63285146E+01 -0.22091865E+01
  0.63550112E+01 -0.21614291E+01
  0.63815078E+01 -0.21226419E+01
  0.64080044E+01 -0.20929926E+01
  0.64345011E+01 -0.20718355E+01
  0.64609977E+01 -0.20576339E+01
  0.64873097E+01 -0.20484867E+01
  
  0.00000000E+00 -0.20484853E+01
  0.26312006E-01 -0.20407915E+01
  0.52624012E-01 -0.20323395E+01
  0.78936018E-01 -0.20230899E+01
  0.10524802E+00 -0.20125831E+01
  0.13156003E+00 -0.19999880E+01
  0.15787204E+00 -0.19842657E+01
  0.18418404E+00 -0.19644230E+01
  0.21049605E+00 -0.19399625E+01
  0.23680805E+00 -0.19132827E+01
  0.26312006E+00 -0.19323908E+01
  0.28943207E+00 -0.20079758E+01
  0.31574407E+00 -0.20868307E+01
  0.34205608E+00 -0.21650919E+01
  0.36836809E+00 -0.22420931E+01
  0.39468009E+00 -0.23175206E+01
  0.42099210E+00 -0.23912083E+01
  0.44730410E+00 -0.24631727E+01
  0.47361611E+00 -0.25337043E+01
  0.49992812E+00 -0.26034850E+01
  0.52624012E+00 -0.26737040E+01
  0.55255213E+00 -0.27460925E+01
  0.57886413E+00 -0.28227018E+01
  0.60517614E+00 -0.29052883E+01
  0.63148815E+00 -0.29945411E+01
  0.65780015E+00 -0.30898014E+01
  0.68411216E+00 -0.31895020E+01
  0.71042416E+00 -0.32317846E+01
  0.73673617E+00 -0.32042716E+01
  0.76304818E+00 -0.31735822E+01
  0.78936018E+00 -0.31424095E+01
  0.81567219E+00 -0.31130734E+01
  0.84198420E+00 -0.30873626E+01
  0.86829620E+00 -0.30664234E+01
  0.89460821E+00 -0.30507701E+01
  0.92092021E+00 -0.30404297E+01
  0.94723222E+00 -0.30351485E+01
  0.97354423E+00 -0.30345755E+01
  0.99985623E+00 -0.30384215E+01
  0.10261682E+01 -0.30466305E+01
  0.10524802E+01 -0.30595623E+01
  0.10787923E+01 -0.30781457E+01
  0.11051043E+01 -0.31039144E+01
  0.11314163E+01 -0.31387025E+01
  0.11577283E+01 -0.31836786E+01
  0.11840403E+01 -0.32379997E+01
  0.12103523E+01 -0.32983415E+01
  0.12366643E+01 -0.33595374E+01
  0.12629763E+01 -0.34148546E+01
  0.12892883E+01 -0.34555019E+01
  0.13156003E+01 -0.34719401E+01
  0.13419123E+01 -0.34648737E+01
  0.13682243E+01 -0.34352173E+01
  0.13945363E+01 -0.33966033E+01
  0.14208483E+01 -0.33613132E+01
  0.14471603E+01 -0.33357526E+01
  0.14734723E+01 -0.33208564E+01
  0.14997843E+01 -0.33148555E+01
  0.15260964E+01 -0.33155094E+01
  0.15524084E+01 -0.33209713E+01
  0.15787204E+01 -0.33299283E+01
  0.16050324E+01 -0.33415178E+01
  0.16313444E+01 -0.33551789E+01
  0.16576564E+01 -0.33704890E+01
  0.16839684E+01 -0.33870300E+01
  0.17102804E+01 -0.34043113E+01
  0.17365924E+01 -0.34217513E+01
  0.17629044E+01 -0.34387045E+01
  0.17892164E+01 -0.34545323E+01
  0.18155284E+01 -0.34687112E+01
  0.18418404E+01 -0.34809432E+01
  0.18681524E+01 -0.34912107E+01
  0.18944644E+01 -0.34997272E+01
  0.19207764E+01 -0.35067825E+01
  0.19470885E+01 -0.35125246E+01
  0.19735851E+01 -0.35167616E+01
  0.20000817E+01 -0.35113898E+01
  0.20265783E+01 -0.35010347E+01
  0.20530749E+01 -0.34873716E+01
  0.20795716E+01 -0.34720794E+01
  0.21060682E+01 -0.34565285E+01
  0.21325648E+01 -0.34415393E+01
  0.21590614E+01 -0.34272744E+01
  0.21855580E+01 -0.34133153E+01
  0.22120547E+01 -0.33989443E+01
  0.22385513E+01 -0.33835865E+01
  0.22650479E+01 -0.33672537E+01
  0.22915445E+01 -0.33507614E+01
  0.23180411E+01 -0.33355590E+01
  0.23445378E+01 -0.33232181E+01
  0.23710344E+01 -0.33148015E+01
  0.23975310E+01 -0.33103361E+01
  0.24240276E+01 -0.33084660E+01
  0.24505242E+01 -0.32943053E+01
  0.24770209E+01 -0.32081069E+01
  0.25035175E+01 -0.31190041E+01
  0.25300141E+01 -0.30295745E+01
  0.25565107E+01 -0.29406072E+01
  0.25830074E+01 -0.28523000E+01
  0.26095040E+01 -0.27643136E+01
  0.26360006E+01 -0.26759916E+01
  0.26624972E+01 -0.25866829E+01
  0.26889938E+01 -0.24960229E+01
  0.27154905E+01 -0.24040596E+01
  0.27419871E+01 -0.23112167E+01
  0.27684837E+01 -0.22181614E+01
  0.27949803E+01 -0.21256403E+01
  0.28214769E+01 -0.20343038E+01
  0.28479736E+01 -0.19445528E+01
  0.28744702E+01 -0.18800751E+01
  0.29009668E+01 -0.19157419E+01
  0.29274634E+01 -0.19479685E+01
  0.29539600E+01 -0.19757545E+01
  0.29804567E+01 -0.19982731E+01
  0.30069533E+01 -0.20151089E+01
  0.30334499E+01 -0.20266284E+01
  0.30599465E+01 -0.20343009E+01
  0.30864431E+01 -0.20406593E+01
  0.31126231E+01 -0.20484853E+01
  0.31388030E+01 -0.20484853E+01
  0.31649830E+01 -0.20484853E+01
  0.31911629E+01 -0.20484853E+01
  0.32173428E+01 -0.20484853E+01
  0.32435228E+01 -0.20484853E+01
  0.32697027E+01 -0.20484853E+01
  0.32958827E+01 -0.20484853E+01
  0.33220626E+01 -0.20484853E+01
  0.33482425E+01 -0.20484853E+01
  0.33745545E+01 -0.20484853E+01
  0.34008665E+01 -0.20407915E+01
  0.34271786E+01 -0.20323395E+01
  0.34534906E+01 -0.20230899E+01
  0.34798026E+01 -0.20125831E+01
  0.35061146E+01 -0.19999880E+01
  0.35324266E+01 -0.19842657E+01
  0.35587386E+01 -0.19644230E+01
  0.35850506E+01 -0.19399625E+01
  0.36113626E+01 -0.19132827E+01
  0.36376746E+01 -0.19323908E+01
  0.36639866E+01 -0.20079758E+01
  0.36902986E+01 -0.20868307E+01
  0.37166106E+01 -0.21650919E+01
  0.37429226E+01 -0.22420931E+01
  0.37692346E+01 -0.23175206E+01
  0.37955466E+01 -0.23912083E+01
  0.38218586E+01 -0.24631727E+01
  0.38481707E+01 -0.25337043E+01
  0.38744827E+01 -0.26034850E+01
  0.39007947E+01 -0.26737040E+01
  0.39271067E+01 -0.27460925E+01
  0.39534187E+01 -0.28227018E+01
  0.39797307E+01 -0.29052883E+01
  0.40060427E+01 -0.29945411E+01
  0.40323547E+01 -0.30898014E+01
  0.40586667E+01 -0.31895020E+01
  0.40849787E+01 -0.32317846E+01
  0.41112907E+01 -0.32042716E+01
  0.41376027E+01 -0.31735822E+01
  0.41639147E+01 -0.31424095E+01
  0.41902267E+01 -0.31130734E+01
  0.42165387E+01 -0.30873626E+01
  0.42428507E+01 -0.30664234E+01
  0.42691627E+01 -0.30507701E+01
  0.42954748E+01 -0.30404297E+01
  0.43217868E+01 -0.30351485E+01
  0.43480988E+01 -0.30345755E+01
  0.43744108E+01 -0.30384215E+01
  0.44007228E+01 -0.30466305E+01
  0.44270348E+01 -0.30595623E+01
  0.44533468E+01 -0.30781457E+01
  0.44796588E+01 -0.31039144E+01
  0.45059708E+01 -0.31387025E+01
  0.45322828E+01 -0.31836786E+01
  0.45585948E+01 -0.32379997E+01
  0.45849068E+01 -0.32983415E+01
  0.46112188E+01 -0.33595374E+01
  0.46375308E+01 -0.34148546E+01
  0.46638428E+01 -0.34555019E+01
  0.46901548E+01 -0.34719401E+01
  0.47164669E+01 -0.34648737E+01
  0.47427789E+01 -0.34352173E+01
  0.47690909E+01 -0.33966033E+01
  0.47954029E+01 -0.33613132E+01
  0.48217149E+01 -0.33357526E+01
  0.48480269E+01 -0.33208564E+01
  0.48743389E+01 -0.33148555E+01
  0.49006509E+01 -0.33155094E+01
  0.49269629E+01 -0.33209713E+01
  0.49532749E+01 -0.33299283E+01
  0.49795869E+01 -0.33415178E+01
  0.50058989E+01 -0.33551789E+01
  0.50322109E+01 -0.33704890E+01
  0.50585229E+01 -0.33870300E+01
  0.50848349E+01 -0.34043113E+01
  0.51111469E+01 -0.34217513E+01
  0.51374589E+01 -0.34387045E+01
  0.51637710E+01 -0.34545323E+01
  0.51900830E+01 -0.34687112E+01
  0.52163950E+01 -0.34809432E+01
  0.52427070E+01 -0.34912107E+01
  0.52690190E+01 -0.34997272E+01
  0.52953310E+01 -0.35067825E+01
  0.53216430E+01 -0.35125246E+01
  0.53481396E+01 -0.35167616E+01
  0.53746362E+01 -0.35113898E+01
  0.54011329E+01 -0.35010347E+01
  0.54276295E+01 -0.34873716E+01
  0.54541261E+01 -0.34720794E+01
  0.54806227E+01 -0.34565285E+01
  0.55071193E+01 -0.34415393E+01
  0.55336160E+01 -0.34272744E+01
  0.55601126E+01 -0.34133153E+01
  0.55866092E+01 -0.33989443E+01
  0.56131058E+01 -0.33835865E+01
  0.56396024E+01 -0.33672537E+01
  0.56660991E+01 -0.33507614E+01
  0.56925957E+01 -0.33355590E+01
  0.57190923E+01 -0.33232181E+01
  0.57455889E+01 -0.33148015E+01
  0.57720855E+01 -0.33103361E+01
  0.57985822E+01 -0.33084660E+01
  0.58250788E+01 -0.32943053E+01
  0.58515754E+01 -0.32081069E+01
  0.58780720E+01 -0.31190041E+01
  0.59045687E+01 -0.30295745E+01
  0.59310653E+01 -0.29406072E+01
  0.59575619E+01 -0.28523000E+01
  0.59840585E+01 -0.27643136E+01
  0.60105551E+01 -0.26759916E+01
  0.60370518E+01 -0.25866829E+01
  0.60635484E+01 -0.24960229E+01
  0.60900450E+01 -0.24040596E+01
  0.61165416E+01 -0.23112167E+01
  0.61430382E+01 -0.22181614E+01
  0.61695349E+01 -0.21256403E+01
  0.61960315E+01 -0.20343038E+01
  0.62225281E+01 -0.19445528E+01
  0.62490247E+01 -0.18800751E+01
  0.62755213E+01 -0.19157419E+01
  0.63020180E+01 -0.19479685E+01
  0.63285146E+01 -0.19757545E+01
  0.63550112E+01 -0.19982731E+01
  0.63815078E+01 -0.20151089E+01
  0.64080044E+01 -0.20266284E+01
  0.64345011E+01 -0.20343009E+01
  0.64609977E+01 -0.20406593E+01
  0.64873097E+01 -0.20484853E+01
  
  0.00000000E+00 -0.11998335E+01
  0.26312006E-01 -0.12235020E+01
  0.52624012E-01 -0.12794352E+01
  0.78936018E-01 -0.13501695E+01
  0.10524802E+00 -0.14276034E+01
  0.13156003E+00 -0.15083025E+01
  0.15787204E+00 -0.15905552E+01
  0.18418404E+00 -0.16732854E+01
  0.21049605E+00 -0.17554426E+01
  0.23680805E+00 -0.18336554E+01
  0.26312006E+00 -0.18595959E+01
  0.28943207E+00 -0.18229075E+01
  0.31574407E+00 -0.17776727E+01
  0.34205608E+00 -0.17289896E+01
  0.36836809E+00 -0.16790485E+01
  0.39468009E+00 -0.17175227E+01
  0.42099210E+00 -0.18176999E+01
  0.44730410E+00 -0.19201021E+01
  0.47361611E+00 -0.20233753E+01
  0.49992812E+00 -0.21259532E+01
  0.52624012E+00 -0.22258636E+01
  0.55255213E+00 -0.23206794E+01
  0.57886413E+00 -0.24077402E+01
  0.60517614E+00 -0.24847761E+01
  0.63148815E+00 -0.25506804E+01
  0.65780015E+00 -0.26057764E+01
  0.68411216E+00 -0.26513145E+01
  0.71042416E+00 -0.26887047E+01
  0.73673617E+00 -0.27190043E+01
  0.76304818E+00 -0.27427459E+01
  0.78936018E+00 -0.27599904E+01
  0.81567219E+00 -0.27705028E+01
  0.84198420E+00 -0.27739871E+01
  0.86829620E+00 -0.27703011E+01
  0.89460821E+00 -0.27595691E+01
  0.92092021E+00 -0.27421676E+01
  0.94723222E+00 -0.27186677E+01
  0.97354423E+00 -0.26898263E+01
  0.99985623E+00 -0.26566132E+01
  0.10261682E+01 -0.26202174E+01
  0.10524802E+01 -0.25833212E+01
  0.10787923E+01 -0.26538855E+01
  0.11051043E+01 -0.27319604E+01
  0.11314163E+01 -0.28008309E+01
  0.11577283E+01 -0.28583125E+01
  0.11840403E+01 -0.29039236E+01
  0.12103523E+01 -0.29389922E+01
  0.12366643E+01 -0.29654538E+01
  0.12629763E+01 -0.29846514E+01
  0.12892883E+01 -0.29968449E+01
  0.13156003E+01 -0.30010739E+01
  0.13419123E+01 -0.29930972E+01
  0.13682243E+01 -0.29715401E+01
  0.13945363E+01 -0.29324015E+01
  0.14208483E+01 -0.28722689E+01
  0.14471603E+01 -0.27906125E+01
  0.14734723E+01 -0.26901488E+01
  0.14997843E+01 -0.25750014E+01
  0.15260964E+01 -0.24605980E+01
  0.15524084E+01 -0.24867404E+01
  0.15787204E+01 -0.25140485E+01
  0.16050324E+01 -0.25399313E+01
  0.16313444E+01 -0.25631470E+01
  0.16576564E+01 -0.25825056E+01
  0.16839684E+01 -0.25970543E+01
  0.17102804E+01 -0.26062926E+01
  0.17365924E+01 -0.26103659E+01
  0.17629044E+01 -0.26101483E+01
  0.17892164E+01 -0.26071225E+01
  0.18155284E+01 -0.26030376E+01
  0.18418404E+01 -0.25994598E+01
  0.18681524E+01 -0.25974023E+01
  0.18944644E+01 -0.25971768E+01
  0.19207764E+01 -0.25984845E+01
  0.19470885E+01 -0.26006662E+01
  0.19735851E+01 -0.26029945E+01
  0.20000817E+01 -0.26006662E+01
  0.20265783E+01 -0.25944737E+01
  0.20530749E+01 -0.25847897E+01
  0.20795716E+01 -0.25720708E+01
  0.21060682E+01 -0.25567479E+01
  0.21325648E+01 -0.25391005E+01
  0.21590614E+01 -0.25191608E+01
  0.21855580E+01 -0.24966934E+01
  0.22120547E+01 -0.24712737E+01
  0.22385513E+01 -0.24424392E+01
  0.22650479E+01 -0.24098592E+01
  0.22915445E+01 -0.23734679E+01
  0.23180411E+01 -0.23335315E+01
  0.23445378E+01 -0.22906321E+01
  0.23710344E+01 -0.22455597E+01
  0.23975310E+01 -0.21991213E+01
  0.24240276E+01 -0.21519158E+01
  0.24505242E+01 -0.21041609E+01
  0.24770209E+01 -0.20556513E+01
  0.25035175E+01 -0.20058604E+01
  0.25300141E+01 -0.19541331E+01
  0.25565107E+01 -0.18998903E+01
  0.25830074E+01 -0.18427999E+01
  0.26095040E+01 -0.17828918E+01
  0.26360006E+01 -0.17206099E+01
  0.26624972E+01 -0.16567825E+01
  0.26889938E+01 -0.15924988E+01
  0.27154905E+01 -0.16092835E+01
  0.27419871E+01 -0.16617709E+01
  0.27684837E+01 -0.17108665E+01
  0.27949803E+01 -0.17569038E+01
  0.28214769E+01 -0.18002950E+01
  0.28479736E+01 -0.18412971E+01
  0.28744702E+01 -0.18562259E+01
  0.29009668E+01 -0.17695458E+01
  0.29274634E+01 -0.16837428E+01
  0.29539600E+01 -0.15986927E+01
  0.29804567E+01 -0.15145563E+01
  0.30069533E+01 -0.14320784E+01
  0.30334499E+01 -0.13529337E+01
  0.30599465E+01 -0.12807013E+01
  0.30864431E+01 -0.12237569E+01
  0.31126231E+01 -0.11998335E+01
  0.31388030E+01 -0.11998335E+01
  0.31649830E+01 -0.11998335E+01
  0.31911629E+01 -0.11998335E+01
  0.32173428E+01 -0.11998335E+01
  0.32435228E+01 -0.11998335E+01
  0.32697027E+01 -0.11998335E+01
  0.32958827E+01 -0.11998335E+01
  0.33220626E+01 -0.11998335E+01
  0.33482425E+01 -0.11998335E+01
  0.33745545E+01 -0.11998335E+01
  0.34008665E+01 -0.12235020E+01
  0.34271786E+01 -0.12794352E+01
  0.34534906E+01 -0.13501695E+01
  0.34798026E+01 -0.14276034E+01
  0.35061146E+01 -0.15083025E+01
  0.35324266E+01 -0.15905552E+01
  0.35587386E+01 -0.16732854E+01
  0.35850506E+01 -0.17554426E+01
  0.36113626E+01 -0.18336554E+01
  0.36376746E+01 -0.18595959E+01
  0.36639866E+01 -0.18229075E+01
  0.36902986E+01 -0.17776727E+01
  0.37166106E+01 -0.17289896E+01
  0.37429226E+01 -0.16790485E+01
  0.37692346E+01 -0.17175227E+01
  0.37955466E+01 -0.18176999E+01
  0.38218586E+01 -0.19201021E+01
  0.38481707E+01 -0.20233753E+01
  0.38744827E+01 -0.21259532E+01
  0.39007947E+01 -0.22258636E+01
  0.39271067E+01 -0.23206794E+01
  0.39534187E+01 -0.24077402E+01
  0.39797307E+01 -0.24847761E+01
  0.40060427E+01 -0.25506804E+01
  0.40323547E+01 -0.26057764E+01
  0.40586667E+01 -0.26513145E+01
  0.40849787E+01 -0.26887047E+01
  0.41112907E+01 -0.27190043E+01
  0.41376027E+01 -0.27427459E+01
  0.41639147E+01 -0.27599904E+01
  0.41902267E+01 -0.27705028E+01
  0.42165387E+01 -0.27739871E+01
  0.42428507E+01 -0.27703011E+01
  0.42691627E+01 -0.27595691E+01
  0.42954748E+01 -0.27421676E+01
  0.43217868E+01 -0.27186677E+01
  0.43480988E+01 -0.26898263E+01
  0.43744108E+01 -0.26566132E+01
  0.44007228E+01 -0.26202174E+01
  0.44270348E+01 -0.25833212E+01
  0.44533468E+01 -0.26538855E+01
  0.44796588E+01 -0.27319604E+01
  0.45059708E+01 -0.28008309E+01
  0.45322828E+01 -0.28583125E+01
  0.45585948E+01 -0.29039236E+01
  0.45849068E+01 -0.29389922E+01
  0.46112188E+01 -0.29654538E+01
  0.46375308E+01 -0.29846514E+01
  0.46638428E+01 -0.29968449E+01
  0.46901548E+01 -0.30010739E+01
  0.47164669E+01 -0.29930972E+01
  0.47427789E+01 -0.29715401E+01
  0.47690909E+01 -0.29324015E+01
  0.47954029E+01 -0.28722689E+01
  0.48217149E+01 -0.27906125E+01
  0.48480269E+01 -0.26901488E+01
  0.48743389E+01 -0.25750014E+01
  0.49006509E+01 -0.24605980E+01
  0.49269629E+01 -0.24867404E+01
  0.49532749E+01 -0.25140485E+01
  0.49795869E+01 -0.25399313E+01
  0.50058989E+01 -0.25631470E+01
  0.50322109E+01 -0.25825056E+01
  0.50585229E+01 -0.25970543E+01
  0.50848349E+01 -0.26062926E+01
  0.51111469E+01 -0.26103659E+01
  0.51374589E+01 -0.26101483E+01
  0.51637710E+01 -0.26071225E+01
  0.51900830E+01 -0.26030376E+01
  0.52163950E+01 -0.25994598E+01
  0.52427070E+01 -0.25974023E+01
  0.52690190E+01 -0.25971768E+01
  0.52953310E+01 -0.25984845E+01
  0.53216430E+01 -0.26006662E+01
  0.53481396E+01 -0.26029945E+01
  0.53746362E+01 -0.26006662E+01
  0.54011329E+01 -0.25944737E+01
  0.54276295E+01 -0.25847897E+01
  0.54541261E+01 -0.25720708E+01
  0.54806227E+01 -0.25567479E+01
  0.55071193E+01 -0.25391005E+01
  0.55336160E+01 -0.25191608E+01
  0.55601126E+01 -0.24966934E+01
  0.55866092E+01 -0.24712737E+01
  0.56131058E+01 -0.24424392E+01
  0.56396024E+01 -0.24098592E+01
  0.56660991E+01 -0.23734679E+01
  0.56925957E+01 -0.23335315E+01
  0.57190923E+01 -0.22906321E+01
  0.57455889E+01 -0.22455597E+01
  0.57720855E+01 -0.21991213E+01
  0.57985822E+01 -0.21519158E+01
  0.58250788E+01 -0.21041609E+01
  0.58515754E+01 -0.20556513E+01
  0.58780720E+01 -0.20058604E+01
  0.59045687E+01 -0.19541331E+01
  0.59310653E+01 -0.18998903E+01
  0.59575619E+01 -0.18427999E+01
  0.59840585E+01 -0.17828918E+01
  0.60105551E+01 -0.17206099E+01
  0.60370518E+01 -0.16567825E+01
  0.60635484E+01 -0.15924988E+01
  0.60900450E+01 -0.16092835E+01
  0.61165416E+01 -0.16617709E+01
  0.61430382E+01 -0.17108665E+01
  0.61695349E+01 -0.17569038E+01
  0.61960315E+01 -0.18002950E+01
  0.62225281E+01 -0.18412971E+01
  0.62490247E+01 -0.18562259E+01
  0.62755213E+01 -0.17695458E+01
  0.63020180E+01 -0.16837428E+01
  0.63285146E+01 -0.15986927E+01
  0.63550112E+01 -0.15145563E+01
  0.63815078E+01 -0.14320784E+01
  0.64080044E+01 -0.13529337E+01
  0.64345011E+01 -0.12807013E+01
  0.64609977E+01 -0.12237569E+01
  0.64873097E+01 -0.11998335E+01
  
  0.00000000E+00 -0.94430864E+00
  0.26312006E-01 -0.94744301E+00
  0.52624012E-01 -0.95674671E+00
  0.78936018E-01 -0.97277387E+00
  0.10524802E+00 -0.99558922E+00
  0.13156003E+00 -0.10253186E+01
  0.15787204E+00 -0.10621490E+01
  0.18418404E+00 -0.11063053E+01
  0.21049605E+00 -0.11580003E+01
  0.23680805E+00 -0.12173639E+01
  0.26312006E+00 -0.12843659E+01
  0.28943207E+00 -0.13587543E+01
  0.31574407E+00 -0.14400287E+01
  0.34205608E+00 -0.15274541E+01
  0.36836809E+00 -0.16199918E+01
  0.39468009E+00 -0.16286848E+01
  0.42099210E+00 -0.15807294E+01
  0.44730410E+00 -0.15358504E+01
  0.47361611E+00 -0.14953436E+01
  0.49992812E+00 -0.14602960E+01
  0.52624012E+00 -0.14316543E+01
  0.55255213E+00 -0.14102552E+01
  0.57886413E+00 -0.13968843E+01
  0.60517614E+00 -0.13923613E+01
  0.63148815E+00 -0.13975960E+01
  0.65780015E+00 -0.14135455E+01
  0.68411216E+00 -0.14410395E+01
  0.71042416E+00 -0.14805226E+01
  0.73673617E+00 -0.15318310E+01
  0.76304818E+00 -0.15941152E+01
  0.78936018E+00 -0.16659413E+01
  0.81567219E+00 -0.17455138E+01
  0.84198420E+00 -0.18309343E+01
  0.86829620E+00 -0.19204279E+01
  0.89460821E+00 -0.20125006E+01
  0.92092021E+00 -0.21060058E+01
  0.94723222E+00 -0.22001108E+01
  0.97354423E+00 -0.22941719E+01
  0.99985623E+00 -0.23875481E+01
  0.10261682E+01 -0.24793782E+01
  0.10524802E+01 -0.25670331E+01
  0.10787923E+01 -0.25420501E+01
  0.11051043E+01 -0.25031504E+01
  0.11314163E+01 -0.24652844E+01
  0.11577283E+01 -0.24292288E+01
  0.11840403E+01 -0.23956894E+01
  0.12103523E+01 -0.23654935E+01
  0.12366643E+01 -0.23396971E+01
  0.12629763E+01 -0.23195669E+01
  0.12892883E+01 -0.23063904E+01
  0.13156003E+01 -0.23011399E+01
  0.13419123E+01 -0.23058851E+01
  0.13682243E+01 -0.23177953E+01
  0.13945363E+01 -0.23351293E+01
  0.14208483E+01 -0.23562006E+01
  0.14471603E+01 -0.23797321E+01
  0.14734723E+01 -0.24049342E+01
  0.14997843E+01 -0.24313348E+01
  0.15260964E+01 -0.24469488E+01
  0.15524084E+01 -0.23144408E+01
  0.15787204E+01 -0.21746365E+01
  0.16050324E+01 -0.20307606E+01
  0.16313444E+01 -0.18841597E+01
  0.16576564E+01 -0.17359095E+01
  0.16839684E+01 -0.15869809E+01
  0.17102804E+01 -0.14384376E+01
  0.17365924E+01 -0.12937652E+01
  0.17629044E+01 -0.12873205E+01
  0.17892164E+01 -0.12876970E+01
  0.18155284E+01 -0.12896201E+01
  0.18418404E+01 -0.12925112E+01
  0.18681524E+01 -0.12958372E+01
  0.18944644E+01 -0.12991162E+01
  0.19207764E+01 -0.13019287E+01
  0.19470885E+01 -0.13039281E+01
  0.19735851E+01 -0.13048581E+01
  0.20000817E+01 -0.13039052E+01
  0.20265783E+01 -0.13004079E+01
  0.20530749E+01 -0.12943312E+01
  0.20795716E+01 -0.12857158E+01
  0.21060682E+01 -0.12746495E+01
  0.21325648E+01 -0.12612238E+01
  0.21590614E+01 -0.12454944E+01
  0.21855580E+01 -0.12274551E+01
  0.22120547E+01 -0.12070374E+01
  0.22385513E+01 -0.11841351E+01
  0.22650479E+01 -0.11586466E+01
  0.22915445E+01 -0.11305185E+01
  0.23180411E+01 -0.10997708E+01
  0.23445378E+01 -0.10664956E+01
  0.23710344E+01 -0.10308363E+01
  0.23975310E+01 -0.99297810E+00
  0.24240276E+01 -0.96344219E+00
  0.24505242E+01 -0.10192258E+01
  0.24770209E+01 -0.10756588E+01
  0.25035175E+01 -0.11324272E+01
  0.25300141E+01 -0.11901196E+01
  0.25565107E+01 -0.12492188E+01
  0.25830074E+01 -0.13098303E+01
  0.26095040E+01 -0.13715481E+01
  0.26360006E+01 -0.14334891E+01
  0.26624972E+01 -0.14944867E+01
  0.26889938E+01 -0.15533778E+01
  0.27154905E+01 -0.15288992E+01
  0.27419871E+01 -0.14669516E+01
  0.27684837E+01 -0.14072697E+01
  0.27949803E+01 -0.13500719E+01
  0.28214769E+01 -0.12952733E+01
  0.28479736E+01 -0.12426761E+01
  0.28744702E+01 -0.11921879E+01
  0.29009668E+01 -0.11440047E+01
  0.29274634E+01 -0.10987100E+01
  0.29539600E+01 -0.10572623E+01
  0.29804567E+01 -0.10208634E+01
  0.30069533E+01 -0.99073231E+00
  0.30334499E+01 -0.96784503E+00
  0.30599465E+01 -0.95273397E+00
  0.30864431E+01 -0.94543786E+00
  0.31126231E+01 -0.94430864E+00
  0.31388030E+01 -0.94430864E+00
  0.31649830E+01 -0.94430864E+00
  0.31911629E+01 -0.94430864E+00
  0.32173428E+01 -0.94430864E+00
  0.32435228E+01 -0.94430864E+00
  0.32697027E+01 -0.94430864E+00
  0.32958827E+01 -0.94430864E+00
  0.33220626E+01 -0.94430864E+00
  0.33482425E+01 -0.94430864E+00
  0.33745545E+01 -0.94430864E+00
  0.34008665E+01 -0.94744301E+00
  0.34271786E+01 -0.95674671E+00
  0.34534906E+01 -0.97277387E+00
  0.34798026E+01 -0.99558922E+00
  0.35061146E+01 -0.10253186E+01
  0.35324266E+01 -0.10621490E+01
  0.35587386E+01 -0.11063053E+01
  0.35850506E+01 -0.11580003E+01
  0.36113626E+01 -0.12173639E+01
  0.36376746E+01 -0.12843659E+01
  0.36639866E+01 -0.13587543E+01
  0.36902986E+01 -0.14400287E+01
  0.37166106E+01 -0.15274541E+01
  0.37429226E+01 -0.16199918E+01
  0.37692346E+01 -0.16286848E+01
  0.37955466E+01 -0.15807294E+01
  0.38218586E+01 -0.15358504E+01
  0.38481707E+01 -0.14953436E+01
  0.38744827E+01 -0.14602960E+01
  0.39007947E+01 -0.14316543E+01
  0.39271067E+01 -0.14102552E+01
  0.39534187E+01 -0.13968843E+01
  0.39797307E+01 -0.13923613E+01
  0.40060427E+01 -0.13975960E+01
  0.40323547E+01 -0.14135455E+01
  0.40586667E+01 -0.14410395E+01
  0.40849787E+01 -0.14805226E+01
  0.41112907E+01 -0.15318310E+01
  0.41376027E+01 -0.15941152E+01
  0.41639147E+01 -0.16659413E+01
  0.41902267E+01 -0.17455138E+01
  0.42165387E+01 -0.18309343E+01
  0.42428507E+01 -0.19204279E+01
  0.42691627E+01 -0.20125006E+01
  0.42954748E+01 -0.21060058E+01
  0.43217868E+01 -0.22001108E+01
  0.43480988E+01 -0.22941719E+01
  0.43744108E+01 -0.23875481E+01
  0.44007228E+01 -0.24793782E+01
  0.44270348E+01 -0.25670331E+01
  0.44533468E+01 -0.25420501E+01
  0.44796588E+01 -0.25031504E+01
  0.45059708E+01 -0.24652844E+01
  0.45322828E+01 -0.24292288E+01
  0.45585948E+01 -0.23956894E+01
  0.45849068E+01 -0.23654935E+01
  0.46112188E+01 -0.23396971E+01
  0.46375308E+01 -0.23195669E+01
  0.46638428E+01 -0.23063904E+01
  0.46901548E+01 -0.23011399E+01
  0.47164669E+01 -0.23058851E+01
  0.47427789E+01 -0.23177953E+01
  0.47690909E+01 -0.23351293E+01
  0.47954029E+01 -0.23562006E+01
  0.48217149E+01 -0.23797321E+01
  0.48480269E+01 -0.24049342E+01
  0.48743389E+01 -0.24313348E+01
  0.49006509E+01 -0.24469488E+01
  0.49269629E+01 -0.23144408E+01
  0.49532749E+01 -0.21746365E+01
  0.49795869E+01 -0.20307606E+01
  0.50058989E+01 -0.18841597E+01
  0.50322109E+01 -0.17359095E+01
  0.50585229E+01 -0.15869809E+01
  0.50848349E+01 -0.14384376E+01
  0.51111469E+01 -0.12937652E+01
  0.51374589E+01 -0.12873205E+01
  0.51637710E+01 -0.12876970E+01
  0.51900830E+01 -0.12896201E+01
  0.52163950E+01 -0.12925112E+01
  0.52427070E+01 -0.12958372E+01
  0.52690190E+01 -0.12991162E+01
  0.52953310E+01 -0.13019287E+01
  0.53216430E+01 -0.13039281E+01
  0.53481396E+01 -0.13048581E+01
  0.53746362E+01 -0.13039052E+01
  0.54011329E+01 -0.13004079E+01
  0.54276295E+01 -0.12943312E+01
  0.54541261E+01 -0.12857158E+01
  0.54806227E+01 -0.12746495E+01
  0.55071193E+01 -0.12612238E+01
  0.55336160E+01 -0.12454944E+01
  0.55601126E+01 -0.12274551E+01
  0.55866092E+01 -0.12070374E+01
  0.56131058E+01 -0.11841351E+01
  0.56396024E+01 -0.11586466E+01
  0.56660991E+01 -0.11305185E+01
  0.56925957E+01 -0.10997708E+01
  0.57190923E+01 -0.10664956E+01
  0.57455889E+01 -0.10308363E+01
  0.57720855E+01 -0.99297810E+00
  0.57985822E+01 -0.96344219E+00
  0.58250788E+01 -0.10192258E+01
  0.58515754E+01 -0.10756588E+01
  0.58780720E+01 -0.11324272E+01
  0.59045687E+01 -0.11901196E+01
  0.59310653E+01 -0.12492188E+01
  0.59575619E+01 -0.13098303E+01
  0.59840585E+01 -0.13715481E+01
  0.60105551E+01 -0.14334891E+01
  0.60370518E+01 -0.14944867E+01
  0.60635484E+01 -0.15533778E+01
  0.60900450E+01 -0.15288992E+01
  0.61165416E+01 -0.14669516E+01
  0.61430382E+01 -0.14072697E+01
  0.61695349E+01 -0.13500719E+01
  0.61960315E+01 -0.12952733E+01
  0.62225281E+01 -0.12426761E+01
  0.62490247E+01 -0.11921879E+01
  0.62755213E+01 -0.11440047E+01
  0.63020180E+01 -0.10987100E+01
  0.63285146E+01 -0.10572623E+01
  0.63550112E+01 -0.10208634E+01
  0.63815078E+01 -0.99073231E+00
  0.64080044E+01 -0.96784503E+00
  0.64345011E+01 -0.95273397E+00
  0.64609977E+01 -0.94543786E+00
  0.64873097E+01 -0.94430864E+00
  
  0.00000000E+00 -0.94430530E+00
  0.26312006E-01 -0.92462066E+00
  0.52624012E-01 -0.87826533E+00
  0.78936018E-01 -0.82186543E+00
  0.10524802E+00 -0.76336318E+00
  0.13156003E+00 -0.70615498E+00
  0.15787204E+00 -0.65196856E+00
  0.18418404E+00 -0.60181862E+00
  0.21049605E+00 -0.55630892E+00
  0.23680805E+00 -0.51573648E+00
  0.26312006E+00 -0.48015916E+00
  0.28943207E+00 -0.44948031E+00
  0.31574407E+00 -0.42354675E+00
  0.34205608E+00 -0.40222960E+00
  0.36836809E+00 -0.38545986E+00
  0.39468009E+00 -0.37321455E+00
  0.42099210E+00 -0.36547400E+00
  0.44730410E+00 -0.36218208E+00
  0.47361611E+00 -0.36323257E+00
  0.49992812E+00 -0.36848339E+00
  0.52624012E+00 -0.37778027E+00
  0.55255213E+00 -0.39096824E+00
  0.57886413E+00 -0.40788860E+00
  0.60517614E+00 -0.42838464E+00
  0.63148815E+00 -0.45233855E+00
  0.65780015E+00 -0.47971930E+00
  0.68411216E+00 -0.51058291E+00
  0.71042416E+00 -0.54499818E+00
  0.73673617E+00 -0.58295094E+00
  0.76304818E+00 -0.62429913E+00
  0.78936018E+00 -0.66878808E+00
  0.81567219E+00 -0.71608925E+00
  0.84198420E+00 -0.76583655E+00
  0.86829620E+00 -0.81765503E+00
  0.89460821E+00 -0.87118303E+00
  0.92092021E+00 -0.92608662E+00
  0.94723222E+00 -0.98206382E+00
  0.97354423E+00 -0.10388361E+01
  0.99985623E+00 -0.10961263E+01
  0.10261682E+01 -0.11536237E+01
  0.10524802E+01 -0.12109432E+01
  0.10787923E+01 -0.12675839E+01
  0.11051043E+01 -0.13228954E+01
  0.11314163E+01 -0.13760570E+01
  0.11577283E+01 -0.14260702E+01
  0.11840403E+01 -0.14717652E+01
  0.12103523E+01 -0.15118226E+01
  0.12366643E+01 -0.15448289E+01
  0.12629763E+01 -0.15693985E+01
  0.12892883E+01 -0.15844012E+01
  0.13156003E+01 -0.15892741E+01
  0.13419123E+01 -0.15842045E+01
  0.13682243E+01 -0.15703610E+01
  0.13945363E+01 -0.15497732E+01
  0.14208483E+01 -0.15245943E+01
  0.14471603E+01 -0.14967626E+01
  0.14734723E+01 -0.14678678E+01
  0.14997843E+01 -0.14391519E+01
  0.15260964E+01 -0.14115663E+01
  0.15524084E+01 -0.13858394E+01
  0.15787204E+01 -0.13625341E+01
  0.16050324E+01 -0.13420831E+01
  0.16313444E+01 -0.13248010E+01
  0.16576564E+01 -0.13108749E+01
  0.16839684E+01 -0.13003424E+01
  0.17102804E+01 -0.12930638E+01
  0.17365924E+01 -0.12866046E+01
  0.17629044E+01 -0.11479861E+01
  0.17892164E+01 -0.10104176E+01
  0.18155284E+01 -0.88130867E+00
  0.18418404E+01 -0.76341443E+00
  0.18681524E+01 -0.65913371E+00
  0.18944644E+01 -0.57035417E+00
  0.19207764E+01 -0.49884143E+00
  0.19470885E+01 -0.44746557E+00
  0.19735851E+01 -0.42179579E+00
  0.20000817E+01 -0.42025135E+00
  0.20265783E+01 -0.42377205E+00
  0.20530749E+01 -0.43333283E+00
  0.20795716E+01 -0.44880314E+00
  0.21060682E+01 -0.46908251E+00
  0.21325648E+01 -0.49275422E+00
  0.21590614E+01 -0.51880974E+00
  0.21855580E+01 -0.54702108E+00
  0.22120547E+01 -0.57787421E+00
  0.22385513E+01 -0.61223191E+00
  0.22650479E+01 -0.65092998E+00
  0.22915445E+01 -0.69443022E+00
  0.23180411E+01 -0.74259951E+00
  0.23445378E+01 -0.79468256E+00
  0.23710344E+01 -0.84949154E+00
  0.23975310E+01 -0.90571968E+00
  0.24240276E+01 -0.95197812E+00
  0.24505242E+01 -0.91091136E+00
  0.24770209E+01 -0.86746002E+00
  0.25035175E+01 -0.82279165E+00
  0.25300141E+01 -0.77755851E+00
  0.25565107E+01 -0.73261558E+00
  0.25830074E+01 -0.68898776E+00
  0.26095040E+01 -0.64777838E+00
  0.26360006E+01 -0.61005776E+00
  0.26624972E+01 -0.57677009E+00
  0.26889938E+01 -0.54868764E+00
  0.27154905E+01 -0.52642155E+00
  0.27419871E+01 -0.51047769E+00
  0.27684837E+01 -0.50132875E+00
  0.27949803E+01 -0.49946537E+00
  0.28214769E+01 -0.50539362E+00
  0.28479736E+01 -0.51956455E+00
  0.28744702E+01 -0.54224988E+00
  0.29009668E+01 -0.57340312E+00
  0.29274634E+01 -0.61255604E+00
  0.29539600E+01 -0.65878593E+00
  0.29804567E+01 -0.71074863E+00
  0.30069533E+01 -0.76670380E+00
  0.30334499E+01 -0.82433826E+00
  0.30599465E+01 -0.87988242E+00
  0.30864431E+01 -0.92518707E+00
  0.31126231E+01 -0.94430530E+00
  0.31388030E+01 -0.94430530E+00
  0.31649830E+01 -0.94430530E+00
  0.31911629E+01 -0.94430530E+00
  0.32173428E+01 -0.94430530E+00
  0.32435228E+01 -0.94430530E+00
  0.32697027E+01 -0.94430530E+00
  0.32958827E+01 -0.94430530E+00
  0.33220626E+01 -0.94430530E+00
  0.33482425E+01 -0.94430530E+00
  0.33745545E+01 -0.94430530E+00
  0.34008665E+01 -0.92462066E+00
  0.34271786E+01 -0.87826533E+00
  0.34534906E+01 -0.82186543E+00
  0.34798026E+01 -0.76336318E+00
  0.35061146E+01 -0.70615498E+00
  0.35324266E+01 -0.65196856E+00
  0.35587386E+01 -0.60181862E+00
  0.35850506E+01 -0.55630892E+00
  0.36113626E+01 -0.51573648E+00
  0.36376746E+01 -0.48015916E+00
  0.36639866E+01 -0.44948031E+00
  0.36902986E+01 -0.42354675E+00
  0.37166106E+01 -0.40222960E+00
  0.37429226E+01 -0.38545986E+00
  0.37692346E+01 -0.37321455E+00
  0.37955466E+01 -0.36547400E+00
  0.38218586E+01 -0.36218208E+00
  0.38481707E+01 -0.36323257E+00
  0.38744827E+01 -0.36848339E+00
  0.39007947E+01 -0.37778027E+00
  0.39271067E+01 -0.39096824E+00
  0.39534187E+01 -0.40788860E+00
  0.39797307E+01 -0.42838464E+00
  0.40060427E+01 -0.45233855E+00
  0.40323547E+01 -0.47971930E+00
  0.40586667E+01 -0.51058291E+00
  0.40849787E+01 -0.54499818E+00
  0.41112907E+01 -0.58295094E+00
  0.41376027E+01 -0.62429913E+00
  0.41639147E+01 -0.66878808E+00
  0.41902267E+01 -0.71608925E+00
  0.42165387E+01 -0.76583655E+00
  0.42428507E+01 -0.81765503E+00
  0.42691627E+01 -0.87118303E+00
  0.42954748E+01 -0.92608662E+00
  0.43217868E+01 -0.98206382E+00
  0.43480988E+01 -0.10388361E+01
  0.43744108E+01 -0.10961263E+01
  0.44007228E+01 -0.11536237E+01
  0.44270348E+01 -0.12109432E+01
  0.44533468E+01 -0.12675839E+01
  0.44796588E+01 -0.13228954E+01
  0.45059708E+01 -0.13760570E+01
  0.45322828E+01 -0.14260702E+01
  0.45585948E+01 -0.14717652E+01
  0.45849068E+01 -0.15118226E+01
  0.46112188E+01 -0.15448289E+01
  0.46375308E+01 -0.15693985E+01
  0.46638428E+01 -0.15844012E+01
  0.46901548E+01 -0.15892741E+01
  0.47164669E+01 -0.15842045E+01
  0.47427789E+01 -0.15703610E+01
  0.47690909E+01 -0.15497732E+01
  0.47954029E+01 -0.15245943E+01
  0.48217149E+01 -0.14967626E+01
  0.48480269E+01 -0.14678678E+01
  0.48743389E+01 -0.14391519E+01
  0.49006509E+01 -0.14115663E+01
  0.49269629E+01 -0.13858394E+01
  0.49532749E+01 -0.13625341E+01
  0.49795869E+01 -0.13420831E+01
  0.50058989E+01 -0.13248010E+01
  0.50322109E+01 -0.13108749E+01
  0.50585229E+01 -0.13003424E+01
  0.50848349E+01 -0.12930638E+01
  0.51111469E+01 -0.12866046E+01
  0.51374589E+01 -0.11479861E+01
  0.51637710E+01 -0.10104176E+01
  0.51900830E+01 -0.88130867E+00
  0.52163950E+01 -0.76341443E+00
  0.52427070E+01 -0.65913371E+00
  0.52690190E+01 -0.57035417E+00
  0.52953310E+01 -0.49884143E+00
  0.53216430E+01 -0.44746557E+00
  0.53481396E+01 -0.42179579E+00
  0.53746362E+01 -0.42025135E+00
  0.54011329E+01 -0.42377205E+00
  0.54276295E+01 -0.43333283E+00
  0.54541261E+01 -0.44880314E+00
  0.54806227E+01 -0.46908251E+00
  0.55071193E+01 -0.49275422E+00
  0.55336160E+01 -0.51880974E+00
  0.55601126E+01 -0.54702108E+00
  0.55866092E+01 -0.57787421E+00
  0.56131058E+01 -0.61223191E+00
  0.56396024E+01 -0.65092998E+00
  0.56660991E+01 -0.69443022E+00
  0.56925957E+01 -0.74259951E+00
  0.57190923E+01 -0.79468256E+00
  0.57455889E+01 -0.84949154E+00
  0.57720855E+01 -0.90571968E+00
  0.57985822E+01 -0.95197812E+00
  0.58250788E+01 -0.91091136E+00
  0.58515754E+01 -0.86746002E+00
  0.58780720E+01 -0.82279165E+00
  0.59045687E+01 -0.77755851E+00
  0.59310653E+01 -0.73261558E+00
  0.59575619E+01 -0.68898776E+00
  0.59840585E+01 -0.64777838E+00
  0.60105551E+01 -0.61005776E+00
  0.60370518E+01 -0.57677009E+00
  0.60635484E+01 -0.54868764E+00
  0.60900450E+01 -0.52642155E+00
  0.61165416E+01 -0.51047769E+00
  0.61430382E+01 -0.50132875E+00
  0.61695349E+01 -0.49946537E+00
  0.61960315E+01 -0.50539362E+00
  0.62225281E+01 -0.51956455E+00
  0.62490247E+01 -0.54224988E+00
  0.62755213E+01 -0.57340312E+00
  0.63020180E+01 -0.61255604E+00
  0.63285146E+01 -0.65878593E+00
  0.63550112E+01 -0.71074863E+00
  0.63815078E+01 -0.76670380E+00
  0.64080044E+01 -0.82433826E+00
  0.64345011E+01 -0.87988242E+00
  0.64609977E+01 -0.92518707E+00
  0.64873097E+01 -0.94430530E+00
  
  0.00000000E+00  0.56589138E+00
  0.26312006E-01  0.56381897E+00
  0.52624012E-01  0.56107946E+00
  0.78936018E-01  0.55733921E+00
  0.10524802E+00  0.55209273E+00
  0.13156003E+00  0.54475650E+00
  0.15787204E+00  0.53474679E+00
  0.18418404E+00  0.52152062E+00
  0.21049605E+00  0.50458016E+00
  0.23680805E+00  0.48346149E+00
  0.26312006E+00  0.45773656E+00
  0.28943207E+00  0.42704696E+00
  0.31574407E+00  0.39116842E+00
  0.34205608E+00  0.35008819E+00
  0.36836809E+00  0.30407345E+00
  0.39468009E+00  0.25371488E+00
  0.42099210E+00  0.19993811E+00
  0.44730410E+00  0.14397835E+00
  0.47361611E+00  0.87310497E-01
  0.49992812E+00  0.31528217E-01
  0.52624012E+00 -0.21816782E-01
  0.55255213E+00 -0.71372010E-01
  0.57886413E+00 -0.11607006E+00
  0.60517614E+00 -0.15509043E+00
  0.63148815E+00 -0.18771465E+00
  0.65780015E+00 -0.21318369E+00
  0.68411216E+00 -0.23069448E+00
  0.71042416E+00 -0.23957272E+00
  0.73673617E+00 -0.23950421E+00
  0.76304818E+00 -0.23066639E+00
  0.78936018E+00 -0.21370927E+00
  0.81567219E+00 -0.18963895E+00
  0.84198420E+00 -0.15966950E+00
  0.86829620E+00 -0.12507681E+00
  0.89460821E+00 -0.87065486E-01
  0.92092021E+00 -0.46655032E-01
  0.94723222E+00 -0.45910340E-02
  0.97354423E+00  0.38710457E-01
  0.99985623E+00  0.83171105E-01
  0.10261682E+01  0.12898994E+00
  0.10524802E+01  0.17649705E+00
  0.10787923E+01  0.22592570E+00
  0.11051043E+01  0.27714222E+00
  0.11314163E+01  0.32940485E+00
  0.11577283E+01  0.38123388E+00
  0.11840403E+01  0.43045942E+00
  0.12103523E+01  0.47447215E+00
  0.12366643E+01  0.51064515E+00
  0.12629763E+01  0.53683215E+00
  0.12892883E+01  0.55179773E+00
  0.13156003E+01  0.55543381E+00
  0.13419123E+01  0.54658475E+00
  0.13682243E+01  0.53057164E+00
  0.13945363E+01  0.50903873E+00
  0.14208483E+01  0.48373212E+00
  0.14471603E+01  0.45645340E+00
  0.14734723E+01  0.42885564E+00
  0.14997843E+01  0.40216433E+00
  0.15260964E+01  0.37699233E+00
  0.15524084E+01  0.35335514E+00
  0.15787204E+01  0.33084730E+00
  0.16050324E+01  0.30884870E+00
  0.16313444E+01  0.28666368E+00
  0.16576564E+01  0.26360371E+00
  0.16839684E+01  0.23908842E+00
  0.17102804E+01  0.21279619E+00
  0.17365924E+01  0.18479652E+00
  0.17629044E+01  0.15554869E+00
  0.17892164E+01  0.12571867E+00
  0.18155284E+01  0.95902068E-01
  0.18418404E+01  0.66430273E-01
  0.18681524E+01  0.37399218E-01
  0.18944644E+01  0.89562879E-02
  0.19207764E+01 -0.18118764E-01
  0.19470885E+01 -0.41374555E-01
  0.19735851E+01 -0.55498142E-01
  0.20000817E+01 -0.60893292E-01
  0.20265783E+01 -0.74648533E-01
  0.20530749E+01 -0.95418440E-01
  0.20795716E+01 -0.12183827E+00
  0.21060682E+01 -0.15274280E+00
  0.21325648E+01 -0.18703216E+00
  0.21590614E+01 -0.22342835E+00
  0.21855580E+01 -0.26038479E+00
  0.22120547E+01 -0.29617411E+00
  0.22385513E+01 -0.32902479E+00
  0.22650479E+01 -0.35721380E+00
  0.22915445E+01 -0.37913244E+00
  0.23180411E+01 -0.39337667E+00
  0.23445378E+01 -0.39885239E+00
  0.23710344E+01 -0.39484764E+00
  0.23975310E+01 -0.38105682E+00
  0.24240276E+01 -0.35757063E+00
  0.24505242E+01 -0.32484178E+00
  0.24770209E+01 -0.28363461E+00
  0.25035175E+01 -0.23497583E+00
  0.25300141E+01 -0.18012371E+00
  0.25565107E+01 -0.12055404E+00
  0.25830074E+01 -0.57935156E-01
  0.26095040E+01  0.59465888E-02
  0.26360006E+01  0.69330139E-01
  0.26624972E+01  0.13066647E+00
  0.26889938E+01  0.18878245E+00
  0.27154905E+01  0.24295137E+00
  0.27419871E+01  0.29284097E+00
  0.27684837E+01  0.33836813E+00
  0.27949803E+01  0.37952723E+00
  0.28214769E+01  0.41626009E+00
  0.28479736E+01  0.44841261E+00
  0.28744702E+01  0.47579068E+00
  0.29009668E+01  0.49829030E+00
  0.29274634E+01  0.51604302E+00
  0.29539600E+01  0.52950468E+00
  0.29804567E+01  0.53943893E+00
  0.30069533E+01  0.54679564E+00
  0.30334499E+01  0.55252806E+00
  0.30599465E+01  0.55740568E+00
  0.30864431E+01  0.56186122E+00
  0.31126231E+01  0.56589138E+00
  0.31388030E+01  0.56589138E+00
  0.31649830E+01  0.56589138E+00
  0.31911629E+01  0.56589138E+00
  0.32173428E+01  0.56589138E+00
  0.32435228E+01  0.56589138E+00
  0.32697027E+01  0.56589138E+00
  0.32958827E+01  0.56589138E+00
  0.33220626E+01  0.56589138E+00
  0.33482425E+01  0.56589138E+00
  0.33745545E+01  0.56589138E+00
  0.34008665E+01  0.56381897E+00
  0.34271786E+01  0.56107946E+00
  0.34534906E+01  0.55733921E+00
  0.34798026E+01  0.55209273E+00
  0.35061146E+01  0.54475650E+00
  0.35324266E+01  0.53474679E+00
  0.35587386E+01  0.52152062E+00
  0.35850506E+01  0.50458016E+00
  0.36113626E+01  0.48346149E+00
  0.36376746E+01  0.45773656E+00
  0.36639866E+01  0.42704696E+00
  0.36902986E+01  0.39116842E+00
  0.37166106E+01  0.35008819E+00
  0.37429226E+01  0.30407345E+00
  0.37692346E+01  0.25371488E+00
  0.37955466E+01  0.19993811E+00
  0.38218586E+01  0.14397835E+00
  0.38481707E+01  0.87310497E-01
  0.38744827E+01  0.31528217E-01
  0.39007947E+01 -0.21816782E-01
  0.39271067E+01 -0.71372010E-01
  0.39534187E+01 -0.11607006E+00
  0.39797307E+01 -0.15509043E+00
  0.40060427E+01 -0.18771465E+00
  0.40323547E+01 -0.21318369E+00
  0.40586667E+01 -0.23069448E+00
  0.40849787E+01 -0.23957272E+00
  0.41112907E+01 -0.23950421E+00
  0.41376027E+01 -0.23066639E+00
  0.41639147E+01 -0.21370927E+00
  0.41902267E+01 -0.18963895E+00
  0.42165387E+01 -0.15966950E+00
  0.42428507E+01 -0.12507681E+00
  0.42691627E+01 -0.87065486E-01
  0.42954748E+01 -0.46655032E-01
  0.43217868E+01 -0.45910340E-02
  0.43480988E+01  0.38710457E-01
  0.43744108E+01  0.83171105E-01
  0.44007228E+01  0.12898994E+00
  0.44270348E+01  0.17649705E+00
  0.44533468E+01  0.22592570E+00
  0.44796588E+01  0.27714222E+00
  0.45059708E+01  0.32940485E+00
  0.45322828E+01  0.38123388E+00
  0.45585948E+01  0.43045942E+00
  0.45849068E+01  0.47447215E+00
  0.46112188E+01  0.51064515E+00
  0.46375308E+01  0.53683215E+00
  0.46638428E+01  0.55179773E+00
  0.46901548E+01  0.55543381E+00
  0.47164669E+01  0.54658475E+00
  0.47427789E+01  0.53057164E+00
  0.47690909E+01  0.50903873E+00
  0.47954029E+01  0.48373212E+00
  0.48217149E+01  0.45645340E+00
  0.48480269E+01  0.42885564E+00
  0.48743389E+01  0.40216433E+00
  0.49006509E+01  0.37699233E+00
  0.49269629E+01  0.35335514E+00
  0.49532749E+01  0.33084730E+00
  0.49795869E+01  0.30884870E+00
  0.50058989E+01  0.28666368E+00
  0.50322109E+01  0.26360371E+00
  0.50585229E+01  0.23908842E+00
  0.50848349E+01  0.21279619E+00
  0.51111469E+01  0.18479652E+00
  0.51374589E+01  0.15554869E+00
  0.51637710E+01  0.12571867E+00
  0.51900830E+01  0.95902068E-01
  0.52163950E+01  0.66430273E-01
  0.52427070E+01  0.37399218E-01
  0.52690190E+01  0.89562879E-02
  0.52953310E+01 -0.18118764E-01
  0.53216430E+01 -0.41374555E-01
  0.53481396E+01 -0.55498142E-01
  0.53746362E+01 -0.60893292E-01
  0.54011329E+01 -0.74648533E-01
  0.54276295E+01 -0.95418440E-01
  0.54541261E+01 -0.12183827E+00
  0.54806227E+01 -0.15274280E+00
  0.55071193E+01 -0.18703216E+00
  0.55336160E+01 -0.22342835E+00
  0.55601126E+01 -0.26038479E+00
  0.55866092E+01 -0.29617411E+00
  0.56131058E+01 -0.32902479E+00
  0.56396024E+01 -0.35721380E+00
  0.56660991E+01 -0.37913244E+00
  0.56925957E+01 -0.39337667E+00
  0.57190923E+01 -0.39885239E+00
  0.57455889E+01 -0.39484764E+00
  0.57720855E+01 -0.38105682E+00
  0.57985822E+01 -0.35757063E+00
  0.58250788E+01 -0.32484178E+00
  0.58515754E+01 -0.28363461E+00
  0.58780720E+01 -0.23497583E+00
  0.59045687E+01 -0.18012371E+00
  0.59310653E+01 -0.12055404E+00
  0.59575619E+01 -0.57935156E-01
  0.59840585E+01  0.59465888E-02
  0.60105551E+01  0.69330139E-01
  0.60370518E+01  0.13066647E+00
  0.60635484E+01  0.18878245E+00
  0.60900450E+01  0.24295137E+00
  0.61165416E+01  0.29284097E+00
  0.61430382E+01  0.33836813E+00
  0.61695349E+01  0.37952723E+00
  0.61960315E+01  0.41626009E+00
  0.62225281E+01  0.44841261E+00
  0.62490247E+01  0.47579068E+00
  0.62755213E+01  0.49829030E+00
  0.63020180E+01  0.51604302E+00
  0.63285146E+01  0.52950468E+00
  0.63550112E+01  0.53943893E+00
  0.63815078E+01  0.54679564E+00
  0.64080044E+01  0.55252806E+00
  0.64345011E+01  0.55740568E+00
  0.64609977E+01  0.56186122E+00
  0.64873097E+01  0.56589138E+00
  
  0.00000000E+00  0.35725027E+01
  0.26312006E-01  0.35626911E+01
  0.52624012E-01  0.35444303E+01
  0.78936018E-01  0.35143380E+01
  0.10524802E+00  0.34721129E+01
  0.13156003E+00  0.34197832E+01
  0.15787204E+00  0.33602090E+01
  0.18418404E+00  0.32963657E+01
  0.21049605E+00  0.32309219E+01
  0.23680805E+00  0.31659858E+01
  0.26312006E+00  0.31030084E+01
  0.28943207E+00  0.30428135E+01
  0.31574407E+00  0.29857024E+01
  0.34205608E+00  0.29315907E+01
  0.36836809E+00  0.28801605E+01
  0.39468009E+00  0.28310252E+01
  0.42099210E+00  0.27838985E+01
  0.44730410E+00  0.27387283E+01
  0.47361611E+00  0.26957453E+01
  0.49992812E+00  0.26554208E+01
  0.52624012E+00  0.26183797E+01
  0.55255213E+00  0.25853295E+01
  0.57886413E+00  0.25570285E+01
  0.60517614E+00  0.25342737E+01
  0.63148815E+00  0.25178801E+01
  0.65780015E+00  0.25086364E+01
  0.68411216E+00  0.25072445E+01
  0.71042416E+00  0.25142529E+01
  0.73673617E+00  0.25299796E+01
  0.76304818E+00  0.25543992E+01
  0.78936018E+00  0.25869373E+01
  0.81567219E+00  0.26261075E+01
  0.84198420E+00  0.26689297E+01
  0.86829620E+00  0.27102516E+01
  0.89460821E+00  0.27428155E+01
  0.92092021E+00  0.27597687E+01
  0.94723222E+00  0.27586799E+01
  0.97354423E+00  0.27419331E+01
  0.99985623E+00  0.27135281E+01
  0.10261682E+01  0.26768435E+01
  0.10524802E+01  0.26342265E+01
  0.10787923E+01  0.25872913E+01
  0.11051043E+01  0.25373300E+01
  0.11314163E+01  0.24856683E+01
  0.11577283E+01  0.24339062E+01
  0.11840403E+01  0.23840098E+01
  0.12103523E+01  0.23382386E+01
  0.12366643E+01  0.22989319E+01
  0.12629763E+01  0.22682134E+01
  0.12892883E+01  0.22477091E+01
  0.13156003E+01  0.22383736E+01
  0.13419123E+01  0.22476702E+01
  0.13682243E+01  0.22637153E+01
  0.13945363E+01  0.22856806E+01
  0.14208483E+01  0.23133775E+01
  0.14471603E+01  0.23469155E+01
  0.14734723E+01  0.23863013E+01
  0.14997843E+01  0.24310978E+01
  0.15260964E+01  0.24801883E+01
  0.15524084E+01  0.25316796E+01
  0.15787204E+01  0.25830030E+01
  0.16050324E+01  0.26312833E+01
  0.16313444E+01  0.26739663E+01
  0.16576564E+01  0.27095322E+01
  0.16839684E+01  0.27379611E+01
  0.17102804E+01  0.27606389E+01
  0.17365924E+01  0.27796884E+01
  0.17629044E+01  0.27970349E+01
  0.17892164E+01  0.28135921E+01
  0.18155284E+01  0.28288421E+01
  0.18418404E+01  0.28410449E+01
  0.18681524E+01  0.28482596E+01
  0.18944644E+01  0.28497860E+01
  0.19207764E+01  0.28468019E+01
  0.19470885E+01  0.28415748E+01
  0.19735851E+01  0.28362426E+01
  0.20000817E+01  0.28286767E+01
  0.20265783E+01  0.28172782E+01
  0.20530749E+01  0.28043727E+01
  0.20795716E+01  0.27917700E+01
  0.21060682E+01  0.27805797E+01
  0.21325648E+01  0.27713183E+01
  0.21590614E+01  0.27641745E+01
  0.21855580E+01  0.27592558E+01
  0.22120547E+01  0.27567130E+01
  0.22385513E+01  0.27567226E+01
  0.22650479E+01  0.27593760E+01
  0.22915445E+01  0.27645595E+01
  0.23180411E+01  0.27719148E+01
  0.23445378E+01  0.27809276E+01
  0.23710344E+01  0.27911072E+01
  0.23975310E+01  0.28019490E+01
  0.24240276E+01  0.28082439E+01
  0.24505242E+01  0.27922810E+01
  0.24770209E+01  0.27740630E+01
  0.25035175E+01  0.27587814E+01
  0.25300141E+01  0.27470494E+01
  0.25565107E+01  0.27395513E+01
  0.25830074E+01  0.27372647E+01
  0.26095040E+01  0.27413814E+01
  0.26360006E+01  0.27531143E+01
  0.26624972E+01  0.27734127E+01
  0.26889938E+01  0.28026671E+01
  0.27154905E+01  0.28405342E+01
  0.27419871E+01  0.28859892E+01
  0.27684837E+01  0.29376121E+01
  0.27949803E+01  0.29939845E+01
  0.28214769E+01  0.30539937E+01
  0.28479736E+01  0.31168735E+01
  0.28744702E+01  0.31819692E+01
  0.29009668E+01  0.32483735E+01
  0.29274634E+01  0.33146274E+01
  0.29539600E+01  0.33785994E+01
  0.29804567E+01  0.34375542E+01
  0.30069533E+01  0.34882916E+01
  0.30334499E+01  0.35267383E+01
  0.30599465E+01  0.35486591E+01
  0.30864431E+01  0.35619896E+01
  0.31126231E+01  0.35725027E+01
  0.31388030E+01  0.35725027E+01
  0.31649830E+01  0.35725027E+01
  0.31911629E+01  0.35725027E+01
  0.32173428E+01  0.35725027E+01
  0.32435228E+01  0.35725027E+01
  0.32697027E+01  0.35725027E+01
  0.32958827E+01  0.35725027E+01
  0.33220626E+01  0.35725027E+01
  0.33482425E+01  0.35725027E+01
  0.33745545E+01  0.35725027E+01
  0.34008665E+01  0.35626911E+01
  0.34271786E+01  0.35444303E+01
  0.34534906E+01  0.35143380E+01
  0.34798026E+01  0.34721129E+01
  0.35061146E+01  0.34197832E+01
  0.35324266E+01  0.33602090E+01
  0.35587386E+01  0.32963657E+01
  0.35850506E+01  0.32309219E+01
  0.36113626E+01  0.31659858E+01
  0.36376746E+01  0.31030084E+01
  0.36639866E+01  0.30428135E+01
  0.36902986E+01  0.29857024E+01
  0.37166106E+01  0.29315907E+01
  0.37429226E+01  0.28801605E+01
  0.37692346E+01  0.28310252E+01
  0.37955466E+01  0.27838985E+01
  0.38218586E+01  0.27387283E+01
  0.38481707E+01  0.26957453E+01
  0.38744827E+01  0.26554208E+01
  0.39007947E+01  0.26183797E+01
  0.39271067E+01  0.25853295E+01
  0.39534187E+01  0.25570285E+01
  0.39797307E+01  0.25342737E+01
  0.40060427E+01  0.25178801E+01
  0.40323547E+01  0.25086364E+01
  0.40586667E+01  0.25072445E+01
  0.40849787E+01  0.25142529E+01
  0.41112907E+01  0.25299796E+01
  0.41376027E+01  0.25543992E+01
  0.41639147E+01  0.25869373E+01
  0.41902267E+01  0.26261075E+01
  0.42165387E+01  0.26689297E+01
  0.42428507E+01  0.27102516E+01
  0.42691627E+01  0.27428155E+01
  0.42954748E+01  0.27597687E+01
  0.43217868E+01  0.27586799E+01
  0.43480988E+01  0.27419331E+01
  0.43744108E+01  0.27135281E+01
  0.44007228E+01  0.26768435E+01
  0.44270348E+01  0.26342265E+01
  0.44533468E+01  0.25872913E+01
  0.44796588E+01  0.25373300E+01
  0.45059708E+01  0.24856683E+01
  0.45322828E+01  0.24339062E+01
  0.45585948E+01  0.23840098E+01
  0.45849068E+01  0.23382386E+01
  0.46112188E+01  0.22989319E+01
  0.46375308E+01  0.22682134E+01
  0.46638428E+01  0.22477091E+01
  0.46901548E+01  0.22383736E+01
  0.47164669E+01  0.22476702E+01
  0.47427789E+01  0.22637153E+01
  0.47690909E+01  0.22856806E+01
  0.47954029E+01  0.23133775E+01
  0.48217149E+01  0.23469155E+01
  0.48480269E+01  0.23863013E+01
  0.48743389E+01  0.24310978E+01
  0.49006509E+01  0.24801883E+01
  0.49269629E+01  0.25316796E+01
  0.49532749E+01  0.25830030E+01
  0.49795869E+01  0.26312833E+01
  0.50058989E+01  0.26739663E+01
  0.50322109E+01  0.27095322E+01
  0.50585229E+01  0.27379611E+01
  0.50848349E+01  0.27606389E+01
  0.51111469E+01  0.27796884E+01
  0.51374589E+01  0.27970349E+01
  0.51637710E+01  0.28135921E+01
  0.51900830E+01  0.28288421E+01
  0.52163950E+01  0.28410449E+01
  0.52427070E+01  0.28482596E+01
  0.52690190E+01  0.28497860E+01
  0.52953310E+01  0.28468019E+01
  0.53216430E+01  0.28415748E+01
  0.53481396E+01  0.28362426E+01
  0.53746362E+01  0.28286767E+01
  0.54011329E+01  0.28172782E+01
  0.54276295E+01  0.28043727E+01
  0.54541261E+01  0.27917700E+01
  0.54806227E+01  0.27805797E+01
  0.55071193E+01  0.27713183E+01
  0.55336160E+01  0.27641745E+01
  0.55601126E+01  0.27592558E+01
  0.55866092E+01  0.27567130E+01
  0.56131058E+01  0.27567226E+01
  0.56396024E+01  0.27593760E+01
  0.56660991E+01  0.27645595E+01
  0.56925957E+01  0.27719148E+01
  0.57190923E+01  0.27809276E+01
  0.57455889E+01  0.27911072E+01
  0.57720855E+01  0.28019490E+01
  0.57985822E+01  0.28082439E+01
  0.58250788E+01  0.27922810E+01
  0.58515754E+01  0.27740630E+01
  0.58780720E+01  0.27587814E+01
  0.59045687E+01  0.27470494E+01
  0.59310653E+01  0.27395513E+01
  0.59575619E+01  0.27372647E+01
  0.59840585E+01  0.27413814E+01
  0.60105551E+01  0.27531143E+01
  0.60370518E+01  0.27734127E+01
  0.60635484E+01  0.28026671E+01
  0.60900450E+01  0.28405342E+01
  0.61165416E+01  0.28859892E+01
  0.61430382E+01  0.29376121E+01
  0.61695349E+01  0.29939845E+01
  0.61960315E+01  0.30539937E+01
  0.62225281E+01  0.31168735E+01
  0.62490247E+01  0.31819692E+01
  0.62755213E+01  0.32483735E+01
  0.63020180E+01  0.33146274E+01
  0.63285146E+01  0.33785994E+01
  0.63550112E+01  0.34375542E+01
  0.63815078E+01  0.34882916E+01
  0.64080044E+01  0.35267383E+01
  0.64345011E+01  0.35486591E+01
  0.64609977E+01  0.35619896E+01
  0.64873097E+01  0.35725027E+01
  
  0.00000000E+00  0.35725055E+01
  0.26312006E-01  0.35744488E+01
  0.52624012E-01  0.35685020E+01
  0.78936018E-01  0.35582487E+01
  0.10524802E+00  0.35449247E+01
  0.13156003E+00  0.35280976E+01
  0.15787204E+00  0.35069760E+01
  0.18418404E+00  0.34808888E+01
  0.21049605E+00  0.34494995E+01
  0.23680805E+00  0.34129381E+01
  0.26312006E+00  0.33718567E+01
  0.28943207E+00  0.33274041E+01
  0.31574407E+00  0.32811222E+01
  0.34205608E+00  0.32347906E+01
  0.36836809E+00  0.31902480E+01
  0.39468009E+00  0.31492125E+01
  0.42099210E+00  0.31131193E+01
  0.44730410E+00  0.30829982E+01
  0.47361611E+00  0.30594191E+01
  0.49992812E+00  0.30425058E+01
  0.52624012E+00  0.30319899E+01
  0.55255213E+00  0.30272710E+01
  0.57886413E+00  0.30274822E+01
  0.60517614E+00  0.30315762E+01
  0.63148815E+00  0.30384338E+01
  0.65780015E+00  0.30469778E+01
  0.68411216E+00  0.30562595E+01
  0.71042416E+00  0.30655048E+01
  0.73673617E+00  0.30741365E+01
  0.76304818E+00  0.30818240E+01
  0.78936018E+00  0.30886299E+01
  0.81567219E+00  0.30953359E+01
  0.84198420E+00  0.31040097E+01
  0.86829620E+00  0.31186909E+01
  0.89460821E+00  0.31453464E+01
  0.92092021E+00  0.31893870E+01
  0.94723222E+00  0.32516718E+01
  0.97354423E+00  0.33281351E+01
  0.99985623E+00  0.34130237E+01
  0.10261682E+01  0.35012154E+01
  0.10524802E+01  0.35887729E+01
  0.10787923E+01  0.36728383E+01
  0.11051043E+01  0.37514249E+01
  0.11314163E+01  0.38232139E+01
  0.11577283E+01  0.38873623E+01
  0.11840403E+01  0.39433275E+01
  0.12103523E+01  0.39907258E+01
  0.12366643E+01  0.40292339E+01
  0.12629763E+01  0.40585360E+01
  0.12892883E+01  0.40783142E+01
  0.13156003E+01  0.40882775E+01
  0.13419123E+01  0.40868871E+01
  0.13682243E+01  0.40766407E+01
  0.13945363E+01  0.40574170E+01
  0.14208483E+01  0.40290655E+01
  0.14471603E+01  0.39917130E+01
  0.14734723E+01  0.39460633E+01
  0.14997843E+01  0.38935848E+01
  0.15260964E+01  0.38365127E+01
  0.15524084E+01  0.37776363E+01
  0.15787204E+01  0.37198898E+01
  0.16050324E+01  0.36658035E+01
  0.16313444E+01  0.36169245E+01
  0.16576564E+01  0.35733985E+01
  0.16839684E+01  0.35339706E+01
  0.17102804E+01  0.34965725E+01
  0.17365924E+01  0.34593609E+01
  0.17629044E+01  0.34217696E+01
  0.17892164E+01  0.33851239E+01
  0.18155284E+01  0.33525506E+01
  0.18418404E+01  0.33280593E+01
  0.18681524E+01  0.33148346E+01
  0.18944644E+01  0.33133900E+01
  0.19207764E+01  0.33209934E+01
  0.19470885E+01  0.33329614E+01
  0.19735851E+01  0.33446256E+01
  0.20000817E+01  0.33355259E+01
  0.20265783E+01  0.33174549E+01
  0.20530749E+01  0.32932319E+01
  0.20795716E+01  0.32652937E+01
  0.21060682E+01  0.32353293E+01
  0.21325648E+01  0.32042199E+01
  0.21590614E+01  0.31721707E+01
  0.21855580E+01  0.31389379E+01
  0.22120547E+01  0.31041002E+01
  0.22385513E+01  0.30673560E+01
  0.22650479E+01  0.30288003E+01
  0.22915445E+01  0.29890985E+01
  0.23180411E+01  0.29494652E+01
  0.23445378E+01  0.29114351E+01
  0.23710344E+01  0.28765291E+01
  0.23975310E+01  0.28461833E+01
  0.24240276E+01  0.28263981E+01
  0.24505242E+01  0.28355355E+01
  0.24770209E+01  0.28541091E+01
  0.25035175E+01  0.28773110E+01
  0.25300141E+01  0.29047970E+01
  0.25565107E+01  0.29360916E+01
  0.25830074E+01  0.29704421E+01
  0.26095040E+01  0.30069461E+01
  0.26360006E+01  0.30447122E+01
  0.26624972E+01  0.30830250E+01
  0.26889938E+01  0.31214832E+01
  0.27154905E+01  0.31600580E+01
  0.27419871E+01  0.31990086E+01
  0.27684837E+01  0.32386409E+01
  0.27949803E+01  0.32789824E+01
  0.28214769E+01  0.33195364E+01
  0.28479736E+01  0.33592719E+01
  0.28744702E+01  0.33968732E+01
  0.29009668E+01  0.34311110E+01
  0.29274634E+01  0.34611589E+01
  0.29539600E+01  0.34867559E+01
  0.29804567E+01  0.35082291E+01
  0.30069533E+01  0.35265035E+01
  0.30334499E+01  0.35436928E+01
  0.30599465E+01  0.35625501E+01
  0.30864431E+01  0.35742132E+01
  0.31126231E+01  0.35725055E+01
  0.31388030E+01  0.35725055E+01
  0.31649830E+01  0.35725055E+01
  0.31911629E+01  0.35725055E+01
  0.32173428E+01  0.35725055E+01
  0.32435228E+01  0.35725055E+01
  0.32697027E+01  0.35725055E+01
  0.32958827E+01  0.35725055E+01
  0.33220626E+01  0.35725055E+01
  0.33482425E+01  0.35725055E+01
  0.33745545E+01  0.35725055E+01
  0.34008665E+01  0.35744488E+01
  0.34271786E+01  0.35685020E+01
  0.34534906E+01  0.35582487E+01
  0.34798026E+01  0.35449247E+01
  0.35061146E+01  0.35280976E+01
  0.35324266E+01  0.35069760E+01
  0.35587386E+01  0.34808888E+01
  0.35850506E+01  0.34494995E+01
  0.36113626E+01  0.34129381E+01
  0.36376746E+01  0.33718567E+01
  0.36639866E+01  0.33274041E+01
  0.36902986E+01  0.32811222E+01
  0.37166106E+01  0.32347906E+01
  0.37429226E+01  0.31902480E+01
  0.37692346E+01  0.31492125E+01
  0.37955466E+01  0.31131193E+01
  0.38218586E+01  0.30829982E+01
  0.38481707E+01  0.30594191E+01
  0.38744827E+01  0.30425058E+01
  0.39007947E+01  0.30319899E+01
  0.39271067E+01  0.30272710E+01
  0.39534187E+01  0.30274822E+01
  0.39797307E+01  0.30315762E+01
  0.40060427E+01  0.30384338E+01
  0.40323547E+01  0.30469778E+01
  0.40586667E+01  0.30562595E+01
  0.40849787E+01  0.30655048E+01
  0.41112907E+01  0.30741365E+01
  0.41376027E+01  0.30818240E+01
  0.41639147E+01  0.30886299E+01
  0.41902267E+01  0.30953359E+01
  0.42165387E+01  0.31040097E+01
  0.42428507E+01  0.31186909E+01
  0.42691627E+01  0.31453464E+01
  0.42954748E+01  0.31893870E+01
  0.43217868E+01  0.32516718E+01
  0.43480988E+01  0.33281351E+01
  0.43744108E+01  0.34130237E+01
  0.44007228E+01  0.35012154E+01
  0.44270348E+01  0.35887729E+01
  0.44533468E+01  0.36728383E+01
  0.44796588E+01  0.37514249E+01
  0.45059708E+01  0.38232139E+01
  0.45322828E+01  0.38873623E+01
  0.45585948E+01  0.39433275E+01
  0.45849068E+01  0.39907258E+01
  0.46112188E+01  0.40292339E+01
  0.46375308E+01  0.40585360E+01
  0.46638428E+01  0.40783142E+01
  0.46901548E+01  0.40882775E+01
  0.47164669E+01  0.40868871E+01
  0.47427789E+01  0.40766407E+01
  0.47690909E+01  0.40574170E+01
  0.47954029E+01  0.40290655E+01
  0.48217149E+01  0.39917130E+01
  0.48480269E+01  0.39460633E+01
  0.48743389E+01  0.38935848E+01
  0.49006509E+01  0.38365127E+01
  0.49269629E+01  0.37776363E+01
  0.49532749E+01  0.37198898E+01
  0.49795869E+01  0.36658035E+01
  0.50058989E+01  0.36169245E+01
  0.50322109E+01  0.35733985E+01
  0.50585229E+01  0.35339706E+01
  0.50848349E+01  0.34965725E+01
  0.51111469E+01  0.34593609E+01
  0.51374589E+01  0.34217696E+01
  0.51637710E+01  0.33851239E+01
  0.51900830E+01  0.33525506E+01
  0.52163950E+01  0.33280593E+01
  0.52427070E+01  0.33148346E+01
  0.52690190E+01  0.33133900E+01
  0.52953310E+01  0.33209934E+01
  0.53216430E+01  0.33329614E+01
  0.53481396E+01  0.33446256E+01
  0.53746362E+01  0.33355259E+01
  0.54011329E+01  0.33174549E+01
  0.54276295E+01  0.32932319E+01
  0.54541261E+01  0.32652937E+01
  0.54806227E+01  0.32353293E+01
  0.55071193E+01  0.32042199E+01
  0.55336160E+01  0.31721707E+01
  0.55601126E+01  0.31389379E+01
  0.55866092E+01  0.31041002E+01
  0.56131058E+01  0.30673560E+01
  0.56396024E+01  0.30288003E+01
  0.56660991E+01  0.29890985E+01
  0.56925957E+01  0.29494652E+01
  0.57190923E+01  0.29114351E+01
  0.57455889E+01  0.28765291E+01
  0.57720855E+01  0.28461833E+01
  0.57985822E+01  0.28263981E+01
  0.58250788E+01  0.28355355E+01
  0.58515754E+01  0.28541091E+01
  0.58780720E+01  0.28773110E+01
  0.59045687E+01  0.29047970E+01
  0.59310653E+01  0.29360916E+01
  0.59575619E+01  0.29704421E+01
  0.59840585E+01  0.30069461E+01
  0.60105551E+01  0.30447122E+01
  0.60370518E+01  0.30830250E+01
  0.60635484E+01  0.31214832E+01
  0.60900450E+01  0.31600580E+01
  0.61165416E+01  0.31990086E+01
  0.61430382E+01  0.32386409E+01
  0.61695349E+01  0.32789824E+01
  0.61960315E+01  0.33195364E+01
  0.62225281E+01  0.33592719E+01
  0.62490247E+01  0.33968732E+01
  0.62755213E+01  0.34311110E+01
  0.63020180E+01  0.34611589E+01
  0.63285146E+01  0.34867559E+01
  0.63550112E+01  0.35082291E+01
  0.63815078E+01  0.35265035E+01
  0.64080044E+01  0.35436928E+01
  0.64345011E+01  0.35625501E+01
  0.64609977E+01  0.35742132E+01
  0.64873097E+01  0.35725055E+01
  
